Supplemental results for CODEML (seqf: case_a.phy  treef: case_a.tree)
	1
I	J	ij	2Ns_IJ	pMut_IJ	pSub_IJ	2Ns_JI	pMut_JI	pSub_JI

TTC	TTT	CT	1.12245	0.04168	0.06936	-1.12245	0.12806	0.06936	0.06936	0.06936
TTA	TTT	AT	1.81189	0.00186	0.00402	-1.81189	0.01137	0.00402	0.00143	0.00143
TTA	TTC	AC	0.68944	0.00622	0.00861	-0.68944	0.01240	0.00861	0.00307	0.00307
TTG	TTT	GT	-0.34921	0.01300	0.01086	0.34921	0.00917	0.01086	0.00387	0.00387
TTG	TTC	GC	-1.47166	0.04356	0.01910	1.47166	0.01000	0.01910	0.00680	0.00680
TTG	TTA	GA	-2.16110	0.12179	0.03427	2.16110	0.01403	0.03427	0.03427	0.03427
TCT	TTT	CT	0.77415	0.05905	0.08483	-0.77415	0.12806	0.08483	0.03020	0.03020
TCC	TTC	CT	0.69864	0.06947	0.09654	-0.69864	0.13971	0.09654	0.03437	0.03437
TCC	TCT	CT	1.04695	0.06947	0.11207	-1.04695	0.19792	0.11207	0.11207	0.11207
TCA	TTA	CT	9.03351	0.00000	0.00000	-9.03351	0.03493	0.00004	0.00000	0.00001
TCA	TCT	AT	10.07125	0.00000	0.00000	-10.07125	0.01757	0.00001	0.00000	0.00001
TCA	TCC	AC	9.02431	0.00000	0.00000	-9.02431	0.02067	0.00002	0.00000	0.00002
TCG	TTG	CT	1.20947	0.07294	0.12574	-1.20947	0.24449	0.12574	0.04476	0.04476
TCG	TCT	GT	0.08611	0.01300	0.01357	-0.08611	0.01417	0.01357	0.01357	0.01357
TCG	TCC	GC	-0.96083	0.04356	0.02594	0.96083	0.01667	0.02594	0.02594	0.02594
TCG	TCA	GA	-9.98514	0.12179	0.00006	9.98514	0.00000	0.00000	0.00006	0.00000
TAT	TTT	AT	-0.18054	0.01362	0.01242	0.18054	0.01137	0.01242	0.00442	0.00442
TAT	TCT	AC	-0.95469	0.04564	0.02727	0.95469	0.01757	0.02727	0.00971	0.00971
TAC	TTC	AT	0.10714	0.01114	0.01175	-0.10714	0.01240	0.01175	0.00418	0.00418
TAC	TCC	AC	-0.59150	0.03734	0.02738	0.59150	0.02067	0.02738	0.00975	0.00975
TAC	TAT	CT	1.41014	0.06252	0.11664	-1.41014	0.25613	0.11664	0.11664	0.11664
TGT	TTT	GT	0.90356	0.00371	0.00564	-0.90356	0.00917	0.00564	0.00201	0.00201
TGT	TCT	GC	0.12941	0.01245	0.01327	-0.12941	0.01417	0.01327	0.00472	0.00472
TGT	TAT	GA	1.08410	0.03480	0.05700	-1.08410	0.10289	0.05700	0.02029	0.02029
TGC	TTC	GT	0.14327	0.00867	0.00930	-0.14327	0.01000	0.00930	0.00331	0.00331
TGC	TCC	GC	-0.55537	0.02904	0.02172	0.55537	0.01667	0.02172	0.00773	0.00773
TGC	TAC	GA	0.03613	0.08119	0.08267	-0.03613	0.08418	0.08267	0.02943	0.02943
TGC	TGT	CT	0.36217	0.04863	0.05797	-0.36217	0.06985	0.05797	0.05797	0.05797
TGG	TTG	GT	10.06738	0.00000	0.00000	-10.06738	0.01750	0.00001	0.00000	0.00000
TGG	TCG	GC	8.85791	0.00000	0.00000	-8.85791	0.01750	0.00002	0.00000	0.00001
TGG	TGT	GT	8.81461	0.00000	0.00000	-8.81461	0.00500	0.00001	0.00000	0.00000
TGG	TGC	GC	8.45245	0.00000	0.00000	-8.45245	0.01167	0.00002	0.00000	0.00001
CTT	TTT	CT	0.51632	0.07642	0.09784	-0.51632	0.12806	0.09784	0.03483	0.03483
CTC	TTC	CT	-0.08982	0.15284	0.14607	0.08982	0.13971	0.14607	0.05200	0.05200
CTC	CTT	CT	0.51632	0.15284	0.19567	-0.51632	0.25613	0.19567	0.19567	0.19567
CTA	TTA	CT	1.61493	0.00695	0.01400	-1.61493	0.03493	0.01400	0.01400	0.01400
CTA	CTT	AT	2.91050	0.00124	0.00381	-2.91050	0.02274	0.00381	0.00381	0.00381
CTA	CTC	AC	2.39419	0.00415	0.01093	-2.39419	0.04547	0.01093	0.01093	0.01093
CTG	TTG	CT	0.54042	0.14241	0.18435	-0.54042	0.24449	0.18435	0.18435	0.18435
CTG	CTT	GT	-0.32511	0.02538	0.02147	0.32511	0.01833	0.02147	0.02147	0.02147
CTG	CTC	GC	-0.84143	0.08505	0.05423	0.84143	0.03667	0.05423	0.05423	0.05423
CTG	CTA	GA	-3.23561	0.23778	0.03150	3.23561	0.00935	0.03150	0.03150	0.03150
CCT	TCT	CT	1.55777	0.04168	0.08225	-1.55777	0.19792	0.08225	0.02928	0.02928
CCT	CTT	CT	1.81560	0.04168	0.09039	-1.81560	0.25613	0.09039	0.03218	0.03218
CCC	TCC	CT	0.46753	0.14589	0.18264	-0.46753	0.23284	0.18264	0.06501	0.06501
CCC	CTC	CT	1.25599	0.14589	0.25620	-1.25599	0.51226	0.25620	0.09120	0.09120
CCC	CCT	CT	-0.04330	0.14589	0.14275	0.04330	0.13971	0.14275	0.14275	0.14275
CCA	TCA	CT	-6.20912	0.00695	0.00009	6.20912	0.00000	0.00000	0.00003	0.00000
CCA	CTA	CT	1.20947	0.00695	0.01198	-1.20947	0.02328	0.01198	0.00426	0.00426
CCA	CCT	AT	2.30437	0.00124	0.00317	-2.30437	0.01240	0.00317	0.00317	0.00317
CCA	CCC	AC	2.34767	0.00415	0.01077	-2.34767	0.04340	0.01077	0.01077	0.01077
CCG	TCG	CT	0.99589	0.09031	0.14263	-0.99589	0.24449	0.14263	0.05077	0.05077
CCG	CTG	CT	1.66494	0.09031	0.18545	-1.66494	0.47733	0.18545	0.06601	0.06601
CCG	CCT	GT	-0.47577	0.01609	0.01257	0.47577	0.01000	0.01257	0.01257	0.01257
CCG	CCC	GC	-0.43247	0.05394	0.04311	0.43247	0.03500	0.04311	0.04311	0.04311
CCG	CCA	GA	-2.78014	0.15079	0.02772	2.78014	0.00935	0.02772	0.02772	0.02772
CAT	TAT	CT	1.04241	0.09031	0.14542	-1.04241	0.25613	0.14542	0.05176	0.05176
CAT	CTT	AT	0.34555	0.01609	0.01903	-0.34555	0.02274	0.01903	0.00678	0.00678
CAT	CCT	AC	-1.47005	0.05394	0.02367	1.47005	0.01240	0.02367	0.00843	0.00843
CAC	TAC	CT	1.00879	0.07642	0.12134	-1.00879	0.20956	0.12134	0.04319	0.04319
CAC	CTC	AT	1.20576	0.01362	0.02344	-1.20576	0.04547	0.02344	0.00834	0.00834
CAC	CCC	AC	-0.05023	0.04564	0.04450	0.05023	0.04340	0.04450	0.01584	0.01584
CAC	CAT	CT	1.37652	0.07642	0.14071	-1.37652	0.30270	0.14071	0.14071	0.14071
CAA	CTA	AT	0.51261	0.00124	0.00158	-0.51261	0.00207	0.00158	0.00056	0.00056
CAA	CCA	AC	-0.69686	0.00415	0.00287	0.69686	0.00207	0.00287	0.00102	0.00102
CAA	CAT	AT	3.07756	0.00124	0.00399	-3.07756	0.02687	0.00399	0.00142	0.00142
CAA	CAC	AC	1.70104	0.00415	0.00863	-1.70104	0.02274	0.00863	0.00307	0.00307
CAG	CTG	AT	0.96808	0.01609	0.02512	-0.96808	0.04237	0.02512	0.00894	0.00894
CAG	CCG	AC	-0.69686	0.05394	0.03731	0.69686	0.02687	0.03731	0.01328	0.01328
CAG	CAT	GT	0.29742	0.01609	0.01860	-0.29742	0.02167	0.01860	0.00662	0.00662
CAG	CAC	GC	-1.07910	0.05394	0.02997	1.07910	0.01833	0.02997	0.01067	0.01067
CAG	CAA	GA	-2.78014	0.15079	0.02772	2.78014	0.00935	0.02772	0.02772	0.02772
CGT	TGT	CT	0.22864	0.05558	0.06217	-0.22864	0.06985	0.06217	0.02213	0.02213
CGT	CTT	GT	0.61587	0.00990	0.01326	-0.61587	0.01833	0.01326	0.00472	0.00472
CGT	CCT	GC	-1.19973	0.03319	0.01717	1.19973	0.01000	0.01717	0.00611	0.00611
CGT	CAT	GA	0.27032	0.09279	0.10590	-0.27032	0.12159	0.10590	0.03770	0.03770
CGC	TGC	CT	0.59043	0.09031	0.11958	-0.59043	0.16299	0.11958	0.04257	0.04257
CGC	CTC	GT	0.82351	0.01609	0.02362	-0.82351	0.03667	0.02362	0.00841	0.00841
CGC	CCC	GC	-0.43247	0.05394	0.04311	0.43247	0.03500	0.04311	0.01535	0.01535
CGC	CAC	GA	-0.38224	0.15079	0.12380	0.38224	0.10289	0.12380	0.04407	0.04407
CGC	CGT	CT	0.72396	0.09031	0.12691	-0.72396	0.18627	0.12691	0.12691	0.12691
CGA	CTA	GT	7.71600	0.00000	0.00000	-7.71600	0.00167	0.00001	0.00000	0.00000
CGA	CCA	GC	6.50654	0.00000	0.00000	-6.50654	0.00167	0.00002	0.00000	0.00001
CGA	CAA	GA	7.20339	0.00000	0.00000	-7.20339	0.00935	0.00005	0.00000	0.00002
CGA	CGT	AT	10.01063	0.00000	0.00000	-10.01063	0.01653	0.00001	0.00000	0.00001
CGA	CGC	AC	9.28667	0.00000	0.00000	-9.28667	0.02687	0.00002	0.00000	0.00002
CGG	TGG	CT	-8.51170	0.06947	0.00012	8.51170	0.00000	0.00000	0.00004	0.00000
CGG	CTG	GT	1.01526	0.01238	0.01971	-1.01526	0.03417	0.01971	0.00702	0.00702
CGG	CCG	GC	-0.64968	0.04149	0.02946	0.64968	0.02167	0.02946	0.01049	0.01049
CGG	CAG	GA	0.04718	0.11599	0.11875	-0.04718	0.12159	0.11875	0.04227	0.04227
CGG	CGT	GT	0.07428	0.01238	0.01284	-0.07428	0.01333	0.01284	0.01284	0.01284
CGG	CGC	GC	-0.64968	0.04149	0.02946	0.64968	0.02167	0.02946	0.02946	0.02946
CGG	CGA	GA	-9.93635	0.11599	0.00006	9.93635	0.00000	0.00000	0.00006	0.00000
ATT	TTT	AT	0.13791	0.00990	0.01060	-0.13791	0.01137	0.01060	0.00377	0.00377
ATT	CTT	AC	-0.37840	0.03319	0.02731	0.37840	0.02274	0.02731	0.00972	0.00972
ATC	TTC	AT	-0.55783	0.02166	0.01618	0.55783	0.01240	0.01618	0.00576	0.00576
ATC	CTC	AC	-0.46802	0.07261	0.05694	0.46802	0.04547	0.05694	0.02027	0.02027
ATC	ATT	CT	0.42671	0.12157	0.14935	-0.42671	0.18627	0.14935	0.14935	0.14935
ATA	TTA	AT	0.91807	0.00124	0.00189	-0.91807	0.00310	0.00189	0.00067	0.00067
ATA	CTA	AC	-0.69686	0.00415	0.00287	0.69686	0.00207	0.00287	0.00102	0.00102
ATA	ATT	AT	2.59205	0.00124	0.00347	-2.59205	0.01653	0.00347	0.00347	0.00347
ATA	ATC	AC	2.16534	0.00415	0.01015	-2.16534	0.03617	0.01015	0.01015	0.01015
ATG	TTG	AT	0.15593	0.01857	0.02005	-0.15593	0.02170	0.02005	0.00714	0.00714
ATG	CTG	AC	-0.38448	0.06224	0.05104	0.38448	0.04237	0.05104	0.01817	0.01817
ATG	ATT	GT	-0.33119	0.01857	0.01566	0.33119	0.01333	0.01566	0.00558	0.00558
ATG	ATC	GC	-0.75789	0.06224	0.04160	0.75789	0.02917	0.04160	0.01481	0.01481
ATG	ATA	GA	-2.92324	0.17399	0.02890	2.92324	0.00935	0.02890	0.01029	0.01029
ACT	TCT	AT	0.78087	0.00805	0.01159	-0.78087	0.01757	0.01159	0.00413	0.00413
ACT	CCT	AC	-0.77690	0.02697	0.01784	0.77690	0.01240	0.01784	0.00635	0.00635
ACT	ATT	CT	1.41710	0.04516	0.08447	-1.41710	0.18627	0.08447	0.03007	0.03007
ACC	TCC	AT	0.17614	0.01733	0.01890	-0.17614	0.02067	0.01890	0.00673	0.00673
ACC	CCC	AC	-0.29139	0.05809	0.05003	0.29139	0.04340	0.05003	0.01781	0.01781
ACC	ATC	CT	1.43261	0.09726	0.18302	-1.43261	0.40748	0.18302	0.06515	0.06515
ACC	ACT	CT	0.44221	0.09726	0.12034	-0.44221	0.15135	0.12034	0.12034	0.12034
ACA	TCA	AT	-8.29227	0.00495	0.00001	8.29227	0.00000	0.00000	0.00000	0.00000
ACA	CCA	AC	-2.08315	0.01660	0.00492	2.08315	0.00207	0.00492	0.00175	0.00175
ACA	ATA	CT	-0.17683	0.02779	0.02540	0.17683	0.02328	0.02540	0.00904	0.00904
ACA	ACT	AT	0.99812	0.00495	0.00783	-0.99812	0.01343	0.00783	0.00783	0.00783
ACA	ACC	AC	0.55591	0.01660	0.02163	-0.55591	0.02894	0.02163	0.02163	0.02163
ACG	TCG	AT	0.61269	0.01176	0.01573	-0.61269	0.02170	0.01573	0.00560	0.00560
ACG	CCG	AC	-0.38320	0.03942	0.03234	0.38320	0.02687	0.03234	0.01151	0.01151
ACG	ATG	CT	1.66622	0.06600	0.13559	-1.66622	0.34927	0.13559	0.04826	0.04826
ACG	ACT	GT	-0.08207	0.01176	0.01128	0.08207	0.01083	0.01128	0.01128	0.01128
ACG	ACC	GC	-0.52428	0.03942	0.02998	0.52428	0.02333	0.02998	0.02998	0.02998
ACG	ACA	GA	-1.08018	0.11019	0.06119	1.08018	0.03741	0.06119	0.06119	0.06119
AAT	TAT	AT	0.77044	0.01052	0.01509	-0.77044	0.02274	0.01509	0.00537	0.00537
AAT	CAT	AC	-0.27197	0.03527	0.03069	0.27197	0.02687	0.03069	0.01092	0.01092
AAT	ATT	AT	0.45198	0.01052	0.01308	-0.45198	0.01653	0.01308	0.00466	0.00466
AAT	ACT	AC	-0.96512	0.03527	0.02094	0.96512	0.01343	0.02094	0.00746	0.00746
AAC	TAC	AT	-0.03101	0.01919	0.01889	0.03101	0.01860	0.01889	0.00672	0.00672
AAC	CAC	AC	-1.03980	0.06431	0.03657	1.03980	0.02274	0.03657	0.01302	0.01302
AAC	ATC	AT	0.63397	0.01919	0.02591	-0.63397	0.03617	0.02591	0.00922	0.00922
AAC	ACC	AC	-0.79864	0.06431	0.04201	0.79864	0.02894	0.04201	0.01495	0.01495
AAC	AAT	CT	0.60869	0.10768	0.14376	-0.60869	0.19792	0.14376	0.14376	0.14376
AAA	CAA	AC	-0.69686	0.00415	0.00287	0.69686	0.00207	0.00287	0.00102	0.00102
AAA	ATA	AT	0.51261	0.00124	0.00158	-0.51261	0.00207	0.00158	0.00056	0.00056
AAA	ACA	AC	0.68944	0.00415	0.00574	-0.68944	0.00827	0.00574	0.00204	0.00204
AAA	AAT	AT	2.65267	0.00124	0.00353	-2.65267	0.01757	0.00353	0.00126	0.00126
AAA	AAC	AC	2.04398	0.00415	0.00974	-2.04398	0.03204	0.00974	0.00347	0.00347
AAG	CAG	AC	-0.93527	0.06846	0.04136	0.93527	0.02687	0.04136	0.01472	0.01472
AAG	ATG	AT	0.41730	0.02043	0.02498	-0.41730	0.03100	0.02498	0.00889	0.00889
AAG	ACG	AC	-1.24893	0.06846	0.03438	1.24893	0.01963	0.03438	0.01224	0.01224
AAG	AAT	GT	-0.36587	0.02043	0.01692	0.36587	0.01417	0.01692	0.00602	0.00602
AAG	AAC	GC	-0.97456	0.06846	0.04043	0.97456	0.02583	0.04043	0.01439	0.01439
AAG	AAA	GA	-3.01855	0.19138	0.02968	3.01855	0.00935	0.02968	0.02968	0.02968
AGT	TGT	AT	2.30437	0.00062	0.00158	-2.30437	0.00620	0.00158	0.00056	0.00056
AGT	CGT	AC	2.07573	0.00207	0.00492	-2.07573	0.01653	0.00492	0.00175	0.00175
AGT	ATT	GT	3.07001	0.00062	0.00199	-3.07001	0.01333	0.00199	0.00071	0.00071
AGT	ACT	GC	1.65291	0.00207	0.00424	-1.65291	0.01083	0.00424	0.00151	0.00151
AGT	AAT	GA	2.61803	0.00580	0.01638	-2.61803	0.07950	0.01638	0.00583	0.00583
AGC	TGC	AT	2.45852	0.00124	0.00333	-2.45852	0.01447	0.00333	0.00118	0.00118
AGC	CGC	AC	1.86809	0.00415	0.00917	-1.86809	0.02687	0.00917	0.00326	0.00326
AGC	ATC	GT	3.15962	0.00124	0.00408	-3.15962	0.02917	0.00408	0.00145	0.00145
AGC	ACC	GC	1.72701	0.00415	0.00872	-1.72701	0.02333	0.00872	0.00310	0.00310
AGC	AAC	GA	2.52565	0.01160	0.03184	-2.52565	0.14498	0.03184	0.01134	0.01134
AGC	AGT	CT	0.51632	0.00695	0.00889	-0.51632	0.01164	0.00889	0.00889	0.00889
AGA	CGA	AC	-0.69686	0.00000	0.00000	0.69686	0.00000	0.00000	0.00000	0.00000
AGA	ATA	GT	7.71600	0.00000	0.00000	-7.71600	0.00167	0.00001	0.00000	0.00000
AGA	ACA	GC	7.89283	0.00000	0.00000	-7.89283	0.00667	0.00002	0.00000	0.00001
AGA	AAA	GA	7.20339	0.00000	0.00000	-7.20339	0.00935	0.00005	0.00000	0.00002
AGA	AGT	AT	7.23804	0.00000	0.00000	-7.23804	0.00103	0.00001	0.00000	0.00000
AGA	AGC	AC	6.72172	0.00000	0.00000	-6.72172	0.00207	0.00002	0.00000	0.00001
AGG	TGG	AT	-9.25735	0.01300	0.00001	9.25735	0.00000	0.00000	0.00000	0.00000
AGG	CGG	AC	-0.74565	0.04356	0.02932	0.74565	0.02067	0.02932	0.02932	0.02932
AGG	ATG	GT	0.65410	0.01300	0.01771	-0.65410	0.02500	0.01771	0.00630	0.00630
AGG	ACG	GC	-1.01213	0.04356	0.02518	1.01213	0.01583	0.02518	0.00896	0.00896
AGG	AAG	GA	0.23680	0.12179	0.13678	-0.23680	0.15433	0.13678	0.04869	0.04869
AGG	AGT	GT	-2.74710	0.01300	0.00245	2.74710	0.00083	0.00245	0.00087	0.00087
AGG	AGC	GC	-3.26342	0.04356	0.00566	3.26342	0.00167	0.00566	0.00201	0.00201
AGG	AGA	GA	-9.98514	0.12179	0.00006	9.98514	0.00000	0.00000	0.00006	0.00000
GTT	TTT	GT	-0.70588	0.01857	0.01278	0.70588	0.00917	0.01278	0.00455	0.00455
GTT	CTT	GC	-1.22220	0.06224	0.03176	1.22220	0.01833	0.03176	0.01131	0.01131
GTT	ATT	GA	-0.84380	0.17399	0.11078	0.84380	0.07483	0.11078	0.03944	0.03944
GTC	TTC	GT	-1.10949	0.03033	0.01655	1.10949	0.01000	0.01655	0.00589	0.00589
GTC	CTC	GC	-1.01967	0.10165	0.05848	1.01967	0.03667	0.05848	0.02082	0.02082
GTC	ATC	GA	-0.55166	0.28418	0.21296	0.55166	0.16368	0.21296	0.07581	0.07581
GTC	GTT	CT	0.71884	0.17020	0.23864	-0.71884	0.34927	0.23864	0.23864	0.23864
GTA	TTA	GT	0.00974	0.00248	0.00249	-0.00974	0.00250	0.00249	0.00089	0.00089
GTA	CTA	GC	-1.60519	0.00830	0.00335	1.60519	0.00167	0.00335	0.00119	0.00119
GTA	ATA	GA	-0.90833	0.02320	0.01424	0.90833	0.00935	0.01424	0.00507	0.00507
GTA	GTT	AT	2.52751	0.00248	0.00680	-2.52751	0.03100	0.00680	0.00680	0.00680
GTA	GTC	AC	1.80867	0.00830	0.01795	-1.80867	0.05064	0.01795	0.01795	0.01795
GTG	TTG	GT	-0.12379	0.01981	0.01861	0.12379	0.01750	0.01861	0.00662	0.00662
GTG	CTG	GC	-0.66421	0.06638	0.04676	0.66421	0.03417	0.04676	0.01665	0.01665
GTG	ATG	GA	-0.27973	0.18559	0.16084	0.27973	0.14030	0.16084	0.05725	0.05725
GTG	GTT	GT	0.23288	0.01981	0.02220	-0.23288	0.02500	0.02220	0.02220	0.02220
GTG	GTC	GC	-0.48596	0.06638	0.05156	0.48596	0.04083	0.05156	0.05156	0.05156
GTG	GTA	GA	-2.29463	0.18559	0.04774	2.29463	0.01871	0.04774	0.04774	0.04774
GCT	TCT	GT	-0.12746	0.01609	0.01509	0.12746	0.01417	0.01509	0.00537	0.00537
GCT	CCT	GC	-1.68523	0.05394	0.02069	1.68523	0.01000	0.02069	0.00736	0.00736
GCT	ACT	GA	-0.90833	0.15079	0.09253	0.90833	0.06080	0.09253	0.03294	0.03294
GCT	GTT	CT	1.35257	0.09031	0.16475	-1.35257	0.34927	0.16475	0.05865	0.05865
GCC	TCC	GT	-0.92635	0.04209	0.02556	0.92635	0.01667	0.02556	0.00910	0.00910
GCC	CCC	GC	-1.39388	0.14107	0.06488	1.39388	0.03500	0.06488	0.02310	0.02310
GCC	ACC	GA	-1.10249	0.39437	0.21613	1.10249	0.13095	0.21613	0.07694	0.07694
GCC	GTC	CT	0.88178	0.23620	0.35545	-0.88178	0.57047	0.35545	0.12653	0.12653
GCC	GCT	CT	0.24805	0.23620	0.26670	-0.24805	0.30270	0.26670	0.26670	0.26670
GCA	TCA	GT	-7.52663	0.00186	0.00001	7.52663	0.00000	0.00000	0.00000	0.00000
GCA	CCA	GC	-1.31751	0.00622	0.00300	1.31751	0.00167	0.00300	0.00107	0.00107
GCA	ACA	GA	0.76564	0.01740	0.02490	-0.76564	0.03741	0.02490	0.00886	0.00886
GCA	GTA	CT	1.49715	0.01042	0.02010	-1.49715	0.04657	0.02010	0.00715	0.00715
GCA	GCT	AT	2.67209	0.00186	0.00533	-2.67209	0.02687	0.00533	0.00533	0.00533
GCA	GCC	AC	2.42404	0.00622	0.01655	-2.42404	0.07027	0.01655	0.01655	0.01655
GCG	TCG	GT	-0.21340	0.02166	0.01943	0.21340	0.01750	0.01943	0.00692	0.00692
GCG	CCG	GC	-1.20930	0.07261	0.03735	1.20930	0.02167	0.03735	0.01329	0.01329
GCG	ACG	GA	-0.82610	0.20298	0.13056	0.82610	0.08886	0.13056	0.04647	0.04647
GCG	GTG	CT	1.11985	0.12157	0.20209	-1.11985	0.37255	0.20209	0.07194	0.07194
GCG	GCT	GT	0.00017	0.02166	0.02166	-0.00017	0.02167	0.02166	0.02166	0.02166
GCG	GCC	GC	-0.24788	0.07261	0.06398	0.24788	0.05667	0.06398	0.06398	0.06398
GCG	GCA	GA	-2.67192	0.20298	0.04027	2.67192	0.01403	0.04027	0.04027	0.04027
GAT	TAT	GT	0.05626	0.01733	0.01782	-0.05626	0.01833	0.01782	0.00634	0.00634
GAT	CAT	GC	-0.98615	0.05809	0.03408	0.98615	0.02167	0.03408	0.01213	0.01213
GAT	AAT	GA	-0.71418	0.16239	0.11124	0.71418	0.07950	0.11124	0.03960	0.03960
GAT	GTT	AT	0.58160	0.01733	0.02286	-0.58160	0.03100	0.02286	0.00814	0.00814
GAT	GCT	AC	-0.77097	0.05809	0.03854	0.77097	0.02687	0.03854	0.01372	0.01372
GAC	TAC	GT	-0.95534	0.03899	0.02329	0.95534	0.01500	0.02329	0.00829	0.00829
GAC	CAC	GC	-1.96414	0.13069	0.04188	1.96414	0.01833	0.04188	0.01491	0.01491
GAC	AAC	GA	-0.92433	0.36537	0.22216	0.92433	0.14498	0.22216	0.07908	0.07908
GAC	GTC	AT	0.26129	0.03899	0.04431	-0.26129	0.05064	0.04431	0.01577	0.01577
GAC	GCC	AC	-0.62048	0.13069	0.09431	0.62048	0.07027	0.09431	0.03357	0.03357
GAC	GAT	CT	0.39853	0.21883	0.26533	-0.39853	0.32598	0.26533	0.26533	0.26533
GAA	CAA	GC	-1.60519	0.00830	0.00335	1.60519	0.00167	0.00335	0.00119	0.00119
GAA	AAA	GA	-0.90833	0.02320	0.01424	0.90833	0.00935	0.01424	0.00507	0.00507
GAA	GTA	AT	0.51261	0.00248	0.00316	-0.51261	0.00413	0.00316	0.00113	0.00113
GAA	GCA	AC	-0.98454	0.00830	0.00487	0.98454	0.00310	0.00487	0.00173	0.00173
GAA	GAT	AT	2.45852	0.00248	0.00666	-2.45852	0.02894	0.00666	0.00237	0.00237
GAA	GAC	AC	2.05998	0.00830	0.01959	-2.05998	0.06510	0.01959	0.00697	0.00697
GAG	CAG	GC	-1.54577	0.10165	0.04256	1.54577	0.02167	0.04256	0.01515	0.01515
GAG	AAG	GA	-0.61050	0.28418	0.20620	0.61050	0.15433	0.20620	0.07340	0.07340
GAG	GTG	AT	0.08652	0.03033	0.03166	-0.08652	0.03307	0.03166	0.01127	0.01127
GAG	GCG	AC	-1.03333	0.10165	0.05802	1.03333	0.03617	0.05802	0.02065	0.02065
GAG	GAT	GT	-0.26220	0.03033	0.02653	0.26220	0.02333	0.02653	0.00944	0.00944
GAG	GAC	GC	-0.66073	0.10165	0.07174	0.66073	0.05250	0.07174	0.02554	0.02554
GAG	GAA	GA	-2.72071	0.28418	0.05448	2.72071	0.01871	0.05448	0.05448	0.05448
GGT	TGT	GT	0.47974	0.00309	0.00390	-0.47974	0.00500	0.00390	0.00139	0.00139
GGT	CGT	GC	0.25111	0.01037	0.01173	-0.25111	0.01333	0.01173	0.00418	0.00418
GGT	AGT	GA	-1.82463	0.02900	0.01017	1.82463	0.00468	0.01017	0.00362	0.00362
GGT	GTT	GT	2.08918	0.00309	0.00738	-2.08918	0.02500	0.00738	0.00263	0.00263
GGT	GCT	GC	0.73661	0.01037	0.01466	-0.73661	0.02167	0.01466	0.00522	0.00522
GGT	GAT	GA	1.50758	0.02900	0.05615	-1.50758	0.13095	0.05615	0.01999	0.01999
GGC	TGC	GT	-0.32162	0.01609	0.01364	0.32162	0.01167	0.01364	0.00486	0.00486
GGC	CGC	GC	-0.91204	0.05394	0.03303	0.91204	0.02167	0.03303	0.01176	0.01176
GGC	AGC	GA	-2.78014	0.15079	0.02772	2.78014	0.00935	0.02772	0.00987	0.00987
GGC	GTC	GT	0.93114	0.01609	0.02473	-0.93114	0.04083	0.02473	0.00880	0.00880
GGC	GCC	GC	0.04937	0.05394	0.05528	-0.04937	0.05667	0.05528	0.01968	0.01968
GGC	GAC	GA	0.66985	0.15079	0.20689	-0.66985	0.29463	0.20689	0.07365	0.07365
GGC	GGT	CT	-0.43919	0.09031	0.07193	0.43919	0.05821	0.07193	0.07193	0.07193
GGA	CGA	GC	-9.02377	0.00830	0.00001	9.02377	0.00000	0.00000	0.00000	0.00000
GGA	AGA	GA	-8.32692	0.02320	0.00005	8.32692	0.00000	0.00000	0.00002	0.00000
GGA	GTA	GT	0.29742	0.00248	0.00286	-0.29742	0.00333	0.00286	0.00102	0.00102
GGA	GCA	GC	-1.19973	0.00830	0.00429	1.19973	0.00250	0.00429	0.00153	0.00153
GGA	GAA	GA	-0.21519	0.02320	0.02079	0.21519	0.01871	0.02079	0.00740	0.00740
GGA	GGT	AT	0.73575	0.00248	0.00350	-0.73575	0.00517	0.00350	0.00350	0.00350
GGA	GGC	AC	1.17495	0.00830	0.01411	-1.17495	0.02687	0.01411	0.01411	0.01411
GGG	TGG	GT	-9.51906	0.01362	0.00001	9.51906	0.00000	0.00000	0.00000	0.00000
GGG	CGG	GC	-1.00735	0.04564	0.02645	1.00735	0.01667	0.02645	0.00941	0.00941
GGG	AGG	GA	-0.26171	0.12759	0.11162	0.26171	0.09821	0.11162	0.03973	0.03973
GGG	GTG	GT	0.67211	0.01362	0.01870	-0.67211	0.02667	0.01870	0.00666	0.00666
GGG	GCG	GC	-0.44774	0.04564	0.03618	0.44774	0.02917	0.03618	0.01288	0.01288
GGG	GAG	GA	0.58559	0.12759	0.16857	-0.58559	0.22916	0.16857	0.06001	0.06001
GGG	GGT	GT	-1.18418	0.01362	0.00711	1.18418	0.00417	0.00711	0.00711	0.00711
GGG	GGC	GC	-0.74499	0.04564	0.03073	0.74499	0.02167	0.03073	0.03073	0.03073
GGG	GGA	GA	-1.91994	0.12759	0.04209	1.91994	0.01871	0.04209	0.04209	0.04209


Histograms
2Ns	FMut	FSub(CodonUsage)	FSubw(after w)

-9.59167	0.01558	0.00001	0.00002
-8.63250	0.00656	0.00001	0.00001
-7.67334	0.00106	0.00001	0.00000
-6.71417	0.00013	0.00000	0.00000
-5.75500	0.00023	0.00000	0.00000
-4.79584	0.00000	0.00000	0.00000
-3.83667	0.00000	0.00000	0.00000
-2.87750	0.07114	0.01596	0.02278
-1.91833	0.09396	0.04195	0.03712
-0.95917	0.39571	0.29899	0.28149
0.00000	0.23442	0.28616	0.31719
0.95917	0.16088	0.29899	0.28149
1.91833	0.01598	0.04195	0.03712
2.87750	0.00435	0.01596	0.02278
3.83667	0.00000	0.00000	0.00000
4.79584	0.00000	0.00000	0.00000
5.75500	0.00000	0.00000	0.00000
6.71417	0.00000	0.00000	0.00000
7.67334	0.00000	0.00000	0.00000
8.63250	0.00000	0.00000	0.00000
9.59167	0.00000	0.00000	0.00000

Proportion of advantageous (S > 0) mutations:
 0.28240

Proportions of good & bad mutations (|S| > 2.0000) among mutations:
0.00659  0.11502

mean |Ns| = 1.20602	mean Ns+ = 0.72819	mean Ns- = -1.39406

	2
I	J	ij	2Ns_IJ	pMut_IJ	pSub_IJ	2Ns_JI	pMut_JI	pSub_JI

TTC	TTT	CT	1.12245	0.04168	0.06936	-1.12245	0.12806	0.06936	0.06936	0.06936
TTA	TTT	AT	1.81189	0.00186	0.00402	-1.81189	0.01137	0.00402	0.00143	0.00143
TTA	TTC	AC	0.68944	0.00622	0.00861	-0.68944	0.01240	0.00861	0.00307	0.00307
TTG	TTT	GT	-0.34921	0.01300	0.01086	0.34921	0.00917	0.01086	0.00387	0.00387
TTG	TTC	GC	-1.47166	0.04356	0.01910	1.47166	0.01000	0.01910	0.00680	0.00680
TTG	TTA	GA	-2.16110	0.12179	0.03427	2.16110	0.01403	0.03427	0.03427	0.03427
TCT	TTT	CT	0.77415	0.05905	0.08483	-0.77415	0.12806	0.08483	0.03020	0.03020
TCC	TTC	CT	0.69864	0.06947	0.09654	-0.69864	0.13971	0.09654	0.03437	0.03437
TCC	TCT	CT	1.04695	0.06947	0.11207	-1.04695	0.19792	0.11207	0.11207	0.11207
TCA	TTA	CT	9.03351	0.00000	0.00000	-9.03351	0.03493	0.00004	0.00000	0.00001
TCA	TCT	AT	10.07125	0.00000	0.00000	-10.07125	0.01757	0.00001	0.00000	0.00001
TCA	TCC	AC	9.02431	0.00000	0.00000	-9.02431	0.02067	0.00002	0.00000	0.00002
TCG	TTG	CT	1.20946	0.07294	0.12574	-1.20946	0.24449	0.12574	0.04476	0.04476
TCG	TCT	GT	0.08611	0.01300	0.01357	-0.08611	0.01417	0.01357	0.01357	0.01357
TCG	TCC	GC	-0.96083	0.04356	0.02594	0.96083	0.01667	0.02594	0.02594	0.02594
TCG	TCA	GA	-9.98514	0.12179	0.00006	9.98514	0.00000	0.00000	0.00006	0.00000
TAT	TTT	AT	-0.18054	0.01362	0.01242	0.18054	0.01137	0.01242	0.00442	0.00442
TAT	TCT	AC	-0.95469	0.04564	0.02727	0.95469	0.01757	0.02727	0.00971	0.00971
TAC	TTC	AT	0.10714	0.01114	0.01175	-0.10714	0.01240	0.01175	0.00418	0.00418
TAC	TCC	AC	-0.59150	0.03734	0.02738	0.59150	0.02067	0.02738	0.00975	0.00975
TAC	TAT	CT	1.41014	0.06252	0.11664	-1.41014	0.25613	0.11664	0.11664	0.11664
TGT	TTT	GT	0.90356	0.00371	0.00564	-0.90356	0.00917	0.00564	0.00201	0.00201
TGT	TCT	GC	0.12941	0.01245	0.01327	-0.12941	0.01417	0.01327	0.00472	0.00472
TGT	TAT	GA	1.08410	0.03480	0.05700	-1.08410	0.10289	0.05700	0.02029	0.02029
TGC	TTC	GT	0.14327	0.00867	0.00930	-0.14327	0.01000	0.00930	0.00331	0.00331
TGC	TCC	GC	-0.55537	0.02904	0.02172	0.55537	0.01667	0.02172	0.00773	0.00773
TGC	TAC	GA	0.03613	0.08119	0.08267	-0.03613	0.08418	0.08267	0.02943	0.02943
TGC	TGT	CT	0.36217	0.04863	0.05797	-0.36217	0.06985	0.05797	0.05797	0.05797
TGG	TTG	GT	10.06738	0.00000	0.00000	-10.06738	0.01750	0.00001	0.00000	0.00000
TGG	TCG	GC	8.85791	0.00000	0.00000	-8.85791	0.01750	0.00002	0.00000	0.00001
TGG	TGT	GT	8.81461	0.00000	0.00000	-8.81461	0.00500	0.00001	0.00000	0.00000
TGG	TGC	GC	8.45245	0.00000	0.00000	-8.45245	0.01167	0.00002	0.00000	0.00001
CTT	TTT	CT	0.51632	0.07642	0.09784	-0.51632	0.12806	0.09784	0.03483	0.03483
CTC	TTC	CT	-0.08982	0.15284	0.14607	0.08982	0.13971	0.14607	0.05200	0.05200
CTC	CTT	CT	0.51632	0.15284	0.19567	-0.51632	0.25613	0.19567	0.19567	0.19567
CTA	TTA	CT	1.61493	0.00695	0.01400	-1.61493	0.03493	0.01400	0.01400	0.01400
CTA	CTT	AT	2.91050	0.00124	0.00381	-2.91050	0.02274	0.00381	0.00381	0.00381
CTA	CTC	AC	2.39419	0.00415	0.01093	-2.39419	0.04547	0.01093	0.01093	0.01093
CTG	TTG	CT	0.54042	0.14241	0.18435	-0.54042	0.24449	0.18435	0.18435	0.18435
CTG	CTT	GT	-0.32511	0.02538	0.02147	0.32511	0.01833	0.02147	0.02147	0.02147
CTG	CTC	GC	-0.84143	0.08505	0.05423	0.84143	0.03667	0.05423	0.05423	0.05423
CTG	CTA	GA	-3.23561	0.23778	0.03150	3.23561	0.00935	0.03150	0.03150	0.03150
CCT	TCT	CT	1.55777	0.04168	0.08225	-1.55777	0.19792	0.08225	0.02928	0.02928
CCT	CTT	CT	1.81560	0.04168	0.09039	-1.81560	0.25613	0.09039	0.03218	0.03218
CCC	TCC	CT	0.46753	0.14589	0.18264	-0.46753	0.23284	0.18264	0.06501	0.06501
CCC	CTC	CT	1.25598	0.14589	0.25620	-1.25598	0.51226	0.25620	0.09120	0.09120
CCC	CCT	CT	-0.04330	0.14589	0.14275	0.04330	0.13971	0.14275	0.14275	0.14275
CCA	TCA	CT	-6.20912	0.00695	0.00009	6.20912	0.00000	0.00000	0.00003	0.00000
CCA	CTA	CT	1.20946	0.00695	0.01198	-1.20946	0.02328	0.01198	0.00426	0.00426
CCA	CCT	AT	2.30437	0.00124	0.00317	-2.30437	0.01240	0.00317	0.00317	0.00317
CCA	CCC	AC	2.34767	0.00415	0.01077	-2.34767	0.04340	0.01077	0.01077	0.01077
CCG	TCG	CT	0.99589	0.09031	0.14263	-0.99589	0.24449	0.14263	0.05077	0.05077
CCG	CTG	CT	1.66494	0.09031	0.18545	-1.66494	0.47733	0.18545	0.06601	0.06601
CCG	CCT	GT	-0.47577	0.01609	0.01257	0.47577	0.01000	0.01257	0.01257	0.01257
CCG	CCC	GC	-0.43247	0.05394	0.04311	0.43247	0.03500	0.04311	0.04311	0.04311
CCG	CCA	GA	-2.78014	0.15079	0.02772	2.78014	0.00935	0.02772	0.02772	0.02772
CAT	TAT	CT	1.04241	0.09031	0.14542	-1.04241	0.25613	0.14542	0.05176	0.05176
CAT	CTT	AT	0.34555	0.01609	0.01903	-0.34555	0.02274	0.01903	0.00678	0.00678
CAT	CCT	AC	-1.47005	0.05394	0.02367	1.47005	0.01240	0.02367	0.00843	0.00843
CAC	TAC	CT	1.00879	0.07642	0.12134	-1.00879	0.20956	0.12134	0.04319	0.04319
CAC	CTC	AT	1.20576	0.01362	0.02344	-1.20576	0.04547	0.02344	0.00834	0.00834
CAC	CCC	AC	-0.05023	0.04564	0.04450	0.05023	0.04340	0.04450	0.01584	0.01584
CAC	CAT	CT	1.37652	0.07642	0.14071	-1.37652	0.30270	0.14071	0.14071	0.14071
CAA	CTA	AT	0.51261	0.00124	0.00158	-0.51261	0.00207	0.00158	0.00056	0.00056
CAA	CCA	AC	-0.69686	0.00415	0.00287	0.69686	0.00207	0.00287	0.00102	0.00102
CAA	CAT	AT	3.07756	0.00124	0.00399	-3.07756	0.02687	0.00399	0.00142	0.00142
CAA	CAC	AC	1.70104	0.00415	0.00863	-1.70104	0.02274	0.00863	0.00307	0.00307
CAG	CTG	AT	0.96808	0.01609	0.02512	-0.96808	0.04237	0.02512	0.00894	0.00894
CAG	CCG	AC	-0.69686	0.05394	0.03731	0.69686	0.02687	0.03731	0.01328	0.01328
CAG	CAT	GT	0.29742	0.01609	0.01860	-0.29742	0.02167	0.01860	0.00662	0.00662
CAG	CAC	GC	-1.07910	0.05394	0.02997	1.07910	0.01833	0.02997	0.01067	0.01067
CAG	CAA	GA	-2.78014	0.15079	0.02772	2.78014	0.00935	0.02772	0.02772	0.02772
CGT	TGT	CT	0.22864	0.05558	0.06217	-0.22864	0.06985	0.06217	0.02213	0.02213
CGT	CTT	GT	0.61587	0.00990	0.01326	-0.61587	0.01833	0.01326	0.00472	0.00472
CGT	CCT	GC	-1.19973	0.03319	0.01717	1.19973	0.01000	0.01717	0.00611	0.00611
CGT	CAT	GA	0.27032	0.09279	0.10590	-0.27032	0.12159	0.10590	0.03770	0.03770
CGC	TGC	CT	0.59043	0.09031	0.11958	-0.59043	0.16299	0.11958	0.04257	0.04257
CGC	CTC	GT	0.82351	0.01609	0.02362	-0.82351	0.03667	0.02362	0.00841	0.00841
CGC	CCC	GC	-0.43247	0.05394	0.04311	0.43247	0.03500	0.04311	0.01535	0.01535
CGC	CAC	GA	-0.38224	0.15079	0.12380	0.38224	0.10289	0.12380	0.04407	0.04407
CGC	CGT	CT	0.72396	0.09031	0.12691	-0.72396	0.18627	0.12691	0.12691	0.12691
CGA	CTA	GT	7.71600	0.00000	0.00000	-7.71600	0.00167	0.00001	0.00000	0.00000
CGA	CCA	GC	6.50654	0.00000	0.00000	-6.50654	0.00167	0.00002	0.00000	0.00001
CGA	CAA	GA	7.20339	0.00000	0.00000	-7.20339	0.00935	0.00005	0.00000	0.00002
CGA	CGT	AT	10.01063	0.00000	0.00000	-10.01063	0.01653	0.00001	0.00000	0.00001
CGA	CGC	AC	9.28667	0.00000	0.00000	-9.28667	0.02687	0.00002	0.00000	0.00002
CGG	TGG	CT	-8.51170	0.06947	0.00012	8.51170	0.00000	0.00000	0.00004	0.00000
CGG	CTG	GT	1.01526	0.01238	0.01971	-1.01526	0.03417	0.01971	0.00702	0.00702
CGG	CCG	GC	-0.64968	0.04149	0.02946	0.64968	0.02167	0.02946	0.01049	0.01049
CGG	CAG	GA	0.04718	0.11599	0.11875	-0.04718	0.12159	0.11875	0.04227	0.04227
CGG	CGT	GT	0.07428	0.01238	0.01284	-0.07428	0.01333	0.01284	0.01284	0.01284
CGG	CGC	GC	-0.64968	0.04149	0.02946	0.64968	0.02167	0.02946	0.02946	0.02946
CGG	CGA	GA	-9.93635	0.11599	0.00006	9.93635	0.00000	0.00000	0.00006	0.00000
ATT	TTT	AT	0.13791	0.00990	0.01060	-0.13791	0.01137	0.01060	0.00377	0.00377
ATT	CTT	AC	-0.37840	0.03319	0.02731	0.37840	0.02274	0.02731	0.00972	0.00972
ATC	TTC	AT	-0.55783	0.02166	0.01618	0.55783	0.01240	0.01618	0.00576	0.00576
ATC	CTC	AC	-0.46802	0.07261	0.05694	0.46802	0.04547	0.05694	0.02027	0.02027
ATC	ATT	CT	0.42671	0.12157	0.14935	-0.42671	0.18627	0.14935	0.14935	0.14935
ATA	TTA	AT	0.91807	0.00124	0.00189	-0.91807	0.00310	0.00189	0.00067	0.00067
ATA	CTA	AC	-0.69686	0.00415	0.00287	0.69686	0.00207	0.00287	0.00102	0.00102
ATA	ATT	AT	2.59205	0.00124	0.00347	-2.59205	0.01653	0.00347	0.00347	0.00347
ATA	ATC	AC	2.16534	0.00415	0.01015	-2.16534	0.03617	0.01015	0.01015	0.01015
ATG	TTG	AT	0.15593	0.01857	0.02005	-0.15593	0.02170	0.02005	0.00714	0.00714
ATG	CTG	AC	-0.38448	0.06224	0.05104	0.38448	0.04237	0.05104	0.01817	0.01817
ATG	ATT	GT	-0.33119	0.01857	0.01566	0.33119	0.01333	0.01566	0.00558	0.00558
ATG	ATC	GC	-0.75789	0.06224	0.04160	0.75789	0.02917	0.04160	0.01481	0.01481
ATG	ATA	GA	-2.92324	0.17399	0.02890	2.92324	0.00935	0.02890	0.01029	0.01029
ACT	TCT	AT	0.78087	0.00805	0.01159	-0.78087	0.01757	0.01159	0.00413	0.00413
ACT	CCT	AC	-0.77690	0.02697	0.01784	0.77690	0.01240	0.01784	0.00635	0.00635
ACT	ATT	CT	1.41710	0.04516	0.08447	-1.41710	0.18627	0.08447	0.03007	0.03007
ACC	TCC	AT	0.17614	0.01733	0.01890	-0.17614	0.02067	0.01890	0.00673	0.00673
ACC	CCC	AC	-0.29139	0.05809	0.05003	0.29139	0.04340	0.05003	0.01781	0.01781
ACC	ATC	CT	1.43261	0.09726	0.18302	-1.43261	0.40748	0.18302	0.06515	0.06515
ACC	ACT	CT	0.44221	0.09726	0.12034	-0.44221	0.15135	0.12034	0.12034	0.12034
ACA	TCA	AT	-8.29227	0.00495	0.00001	8.29227	0.00000	0.00000	0.00000	0.00000
ACA	CCA	AC	-2.08315	0.01660	0.00492	2.08315	0.00207	0.00492	0.00175	0.00175
ACA	ATA	CT	-0.17683	0.02779	0.02540	0.17683	0.02328	0.02540	0.00904	0.00904
ACA	ACT	AT	0.99812	0.00495	0.00783	-0.99812	0.01343	0.00783	0.00783	0.00783
ACA	ACC	AC	0.55591	0.01660	0.02163	-0.55591	0.02894	0.02163	0.02163	0.02163
ACG	TCG	AT	0.61269	0.01176	0.01573	-0.61269	0.02170	0.01573	0.00560	0.00560
ACG	CCG	AC	-0.38320	0.03942	0.03234	0.38320	0.02687	0.03234	0.01151	0.01151
ACG	ATG	CT	1.66622	0.06600	0.13559	-1.66622	0.34927	0.13559	0.04826	0.04826
ACG	ACT	GT	-0.08207	0.01176	0.01128	0.08207	0.01083	0.01128	0.01128	0.01128
ACG	ACC	GC	-0.52428	0.03942	0.02998	0.52428	0.02333	0.02998	0.02998	0.02998
ACG	ACA	GA	-1.08018	0.11019	0.06119	1.08018	0.03741	0.06119	0.06119	0.06119
AAT	TAT	AT	0.77044	0.01052	0.01509	-0.77044	0.02274	0.01509	0.00537	0.00537
AAT	CAT	AC	-0.27197	0.03527	0.03069	0.27197	0.02687	0.03069	0.01092	0.01092
AAT	ATT	AT	0.45198	0.01052	0.01308	-0.45198	0.01653	0.01308	0.00466	0.00466
AAT	ACT	AC	-0.96512	0.03527	0.02094	0.96512	0.01343	0.02094	0.00746	0.00746
AAC	TAC	AT	-0.03101	0.01919	0.01889	0.03101	0.01860	0.01889	0.00672	0.00672
AAC	CAC	AC	-1.03980	0.06431	0.03657	1.03980	0.02274	0.03657	0.01302	0.01302
AAC	ATC	AT	0.63397	0.01919	0.02591	-0.63397	0.03617	0.02591	0.00922	0.00922
AAC	ACC	AC	-0.79864	0.06431	0.04201	0.79864	0.02894	0.04201	0.01495	0.01495
AAC	AAT	CT	0.60869	0.10768	0.14376	-0.60869	0.19792	0.14376	0.14376	0.14376
AAA	CAA	AC	-0.69686	0.00415	0.00287	0.69686	0.00207	0.00287	0.00102	0.00102
AAA	ATA	AT	0.51261	0.00124	0.00158	-0.51261	0.00207	0.00158	0.00056	0.00056
AAA	ACA	AC	0.68944	0.00415	0.00574	-0.68944	0.00827	0.00574	0.00204	0.00204
AAA	AAT	AT	2.65267	0.00124	0.00353	-2.65267	0.01757	0.00353	0.00126	0.00126
AAA	AAC	AC	2.04398	0.00415	0.00974	-2.04398	0.03204	0.00974	0.00347	0.00347
AAG	CAG	AC	-0.93527	0.06846	0.04136	0.93527	0.02687	0.04136	0.01472	0.01472
AAG	ATG	AT	0.41730	0.02043	0.02498	-0.41730	0.03100	0.02498	0.00889	0.00889
AAG	ACG	AC	-1.24893	0.06846	0.03438	1.24893	0.01963	0.03438	0.01224	0.01224
AAG	AAT	GT	-0.36587	0.02043	0.01692	0.36587	0.01417	0.01692	0.00602	0.00602
AAG	AAC	GC	-0.97456	0.06846	0.04043	0.97456	0.02583	0.04043	0.01439	0.01439
AAG	AAA	GA	-3.01855	0.19138	0.02968	3.01855	0.00935	0.02968	0.02968	0.02968
AGT	TGT	AT	2.30437	0.00062	0.00158	-2.30437	0.00620	0.00158	0.00056	0.00056
AGT	CGT	AC	2.07573	0.00207	0.00492	-2.07573	0.01653	0.00492	0.00175	0.00175
AGT	ATT	GT	3.07001	0.00062	0.00199	-3.07001	0.01333	0.00199	0.00071	0.00071
AGT	ACT	GC	1.65291	0.00207	0.00424	-1.65291	0.01083	0.00424	0.00151	0.00151
AGT	AAT	GA	2.61803	0.00580	0.01638	-2.61803	0.07950	0.01638	0.00583	0.00583
AGC	TGC	AT	2.45852	0.00124	0.00333	-2.45852	0.01447	0.00333	0.00118	0.00118
AGC	CGC	AC	1.86809	0.00415	0.00917	-1.86809	0.02687	0.00917	0.00326	0.00326
AGC	ATC	GT	3.15962	0.00124	0.00408	-3.15962	0.02917	0.00408	0.00145	0.00145
AGC	ACC	GC	1.72701	0.00415	0.00872	-1.72701	0.02333	0.00872	0.00310	0.00310
AGC	AAC	GA	2.52565	0.01160	0.03184	-2.52565	0.14498	0.03184	0.01134	0.01134
AGC	AGT	CT	0.51632	0.00695	0.00889	-0.51632	0.01164	0.00889	0.00889	0.00889
AGA	CGA	AC	-0.69686	0.00000	0.00000	0.69686	0.00000	0.00000	0.00000	0.00000
AGA	ATA	GT	7.71600	0.00000	0.00000	-7.71600	0.00167	0.00001	0.00000	0.00000
AGA	ACA	GC	7.89283	0.00000	0.00000	-7.89283	0.00667	0.00002	0.00000	0.00001
AGA	AAA	GA	7.20339	0.00000	0.00000	-7.20339	0.00935	0.00005	0.00000	0.00002
AGA	AGT	AT	7.23804	0.00000	0.00000	-7.23804	0.00103	0.00001	0.00000	0.00000
AGA	AGC	AC	6.72172	0.00000	0.00000	-6.72172	0.00207	0.00002	0.00000	0.00001
AGG	TGG	AT	-9.25735	0.01300	0.00001	9.25735	0.00000	0.00000	0.00000	0.00000
AGG	CGG	AC	-0.74565	0.04356	0.02932	0.74565	0.02067	0.02932	0.02932	0.02932
AGG	ATG	GT	0.65410	0.01300	0.01771	-0.65410	0.02500	0.01771	0.00630	0.00630
AGG	ACG	GC	-1.01213	0.04356	0.02518	1.01213	0.01583	0.02518	0.00896	0.00896
AGG	AAG	GA	0.23680	0.12179	0.13678	-0.23680	0.15433	0.13678	0.04869	0.04869
AGG	AGT	GT	-2.74710	0.01300	0.00245	2.74710	0.00083	0.00245	0.00087	0.00087
AGG	AGC	GC	-3.26342	0.04356	0.00566	3.26342	0.00167	0.00566	0.00201	0.00201
AGG	AGA	GA	-9.98514	0.12179	0.00006	9.98514	0.00000	0.00000	0.00006	0.00000
GTT	TTT	GT	-0.70588	0.01857	0.01278	0.70588	0.00917	0.01278	0.00455	0.00455
GTT	CTT	GC	-1.22220	0.06224	0.03176	1.22220	0.01833	0.03176	0.01131	0.01131
GTT	ATT	GA	-0.84380	0.17399	0.11078	0.84380	0.07483	0.11078	0.03944	0.03944
GTC	TTC	GT	-1.10949	0.03033	0.01655	1.10949	0.01000	0.01655	0.00589	0.00589
GTC	CTC	GC	-1.01967	0.10165	0.05848	1.01967	0.03667	0.05848	0.02082	0.02082
GTC	ATC	GA	-0.55166	0.28418	0.21296	0.55166	0.16368	0.21296	0.07581	0.07581
GTC	GTT	CT	0.71884	0.17020	0.23864	-0.71884	0.34927	0.23864	0.23864	0.23864
GTA	TTA	GT	0.00974	0.00248	0.00249	-0.00974	0.00250	0.00249	0.00089	0.00089
GTA	CTA	GC	-1.60519	0.00830	0.00335	1.60519	0.00167	0.00335	0.00119	0.00119
GTA	ATA	GA	-0.90833	0.02320	0.01424	0.90833	0.00935	0.01424	0.00507	0.00507
GTA	GTT	AT	2.52751	0.00248	0.00680	-2.52751	0.03100	0.00680	0.00680	0.00680
GTA	GTC	AC	1.80867	0.00830	0.01795	-1.80867	0.05064	0.01795	0.01795	0.01795
GTG	TTG	GT	-0.12379	0.01981	0.01861	0.12379	0.01750	0.01861	0.00662	0.00662
GTG	CTG	GC	-0.66421	0.06638	0.04676	0.66421	0.03417	0.04676	0.01665	0.01665
GTG	ATG	GA	-0.27973	0.18559	0.16084	0.27973	0.14030	0.16084	0.05725	0.05725
GTG	GTT	GT	0.23288	0.01981	0.02220	-0.23288	0.02500	0.02220	0.02220	0.02220
GTG	GTC	GC	-0.48596	0.06638	0.05156	0.48596	0.04083	0.05156	0.05156	0.05156
GTG	GTA	GA	-2.29463	0.18559	0.04774	2.29463	0.01871	0.04774	0.04774	0.04774
GCT	TCT	GT	-0.12746	0.01609	0.01509	0.12746	0.01417	0.01509	0.00537	0.00537
GCT	CCT	GC	-1.68523	0.05394	0.02069	1.68523	0.01000	0.02069	0.00736	0.00736
GCT	ACT	GA	-0.90833	0.15079	0.09253	0.90833	0.06080	0.09253	0.03294	0.03294
GCT	GTT	CT	1.35257	0.09031	0.16475	-1.35257	0.34927	0.16475	0.05865	0.05865
GCC	TCC	GT	-0.92635	0.04209	0.02556	0.92635	0.01667	0.02556	0.00910	0.00910
GCC	CCC	GC	-1.39388	0.14107	0.06488	1.39388	0.03500	0.06488	0.02310	0.02310
GCC	ACC	GA	-1.10249	0.39437	0.21613	1.10249	0.13095	0.21613	0.07694	0.07694
GCC	GTC	CT	0.88178	0.23620	0.35545	-0.88178	0.57047	0.35545	0.12653	0.12653
GCC	GCT	CT	0.24805	0.23620	0.26670	-0.24805	0.30270	0.26670	0.26670	0.26670
GCA	TCA	GT	-7.52663	0.00186	0.00001	7.52663	0.00000	0.00000	0.00000	0.00000
GCA	CCA	GC	-1.31751	0.00622	0.00300	1.31751	0.00167	0.00300	0.00107	0.00107
GCA	ACA	GA	0.76564	0.01740	0.02490	-0.76564	0.03741	0.02490	0.00886	0.00886
GCA	GTA	CT	1.49715	0.01042	0.02010	-1.49715	0.04657	0.02010	0.00715	0.00715
GCA	GCT	AT	2.67209	0.00186	0.00533	-2.67209	0.02687	0.00533	0.00533	0.00533
GCA	GCC	AC	2.42404	0.00622	0.01655	-2.42404	0.07027	0.01655	0.01655	0.01655
GCG	TCG	GT	-0.21340	0.02166	0.01943	0.21340	0.01750	0.01943	0.00692	0.00692
GCG	CCG	GC	-1.20930	0.07261	0.03735	1.20930	0.02167	0.03735	0.01329	0.01329
GCG	ACG	GA	-0.82610	0.20298	0.13056	0.82610	0.08886	0.13056	0.04647	0.04647
GCG	GTG	CT	1.11985	0.12157	0.20209	-1.11985	0.37255	0.20209	0.07194	0.07194
GCG	GCT	GT	0.00017	0.02166	0.02166	-0.00017	0.02167	0.02166	0.02166	0.02166
GCG	GCC	GC	-0.24788	0.07261	0.06398	0.24788	0.05667	0.06398	0.06398	0.06398
GCG	GCA	GA	-2.67192	0.20298	0.04027	2.67192	0.01403	0.04027	0.04027	0.04027
GAT	TAT	GT	0.05626	0.01733	0.01782	-0.05626	0.01833	0.01782	0.00634	0.00634
GAT	CAT	GC	-0.98615	0.05809	0.03408	0.98615	0.02167	0.03408	0.01213	0.01213
GAT	AAT	GA	-0.71418	0.16239	0.11124	0.71418	0.07950	0.11124	0.03960	0.03960
GAT	GTT	AT	0.58160	0.01733	0.02286	-0.58160	0.03100	0.02286	0.00814	0.00814
GAT	GCT	AC	-0.77097	0.05809	0.03854	0.77097	0.02687	0.03854	0.01372	0.01372
GAC	TAC	GT	-0.95534	0.03899	0.02329	0.95534	0.01500	0.02329	0.00829	0.00829
GAC	CAC	GC	-1.96414	0.13069	0.04188	1.96414	0.01833	0.04188	0.01491	0.01491
GAC	AAC	GA	-0.92433	0.36537	0.22216	0.92433	0.14498	0.22216	0.07908	0.07908
GAC	GTC	AT	0.26129	0.03899	0.04431	-0.26129	0.05064	0.04431	0.01577	0.01577
GAC	GCC	AC	-0.62048	0.13069	0.09431	0.62048	0.07027	0.09431	0.03357	0.03357
GAC	GAT	CT	0.39853	0.21883	0.26533	-0.39853	0.32598	0.26533	0.26533	0.26533
GAA	CAA	GC	-1.60519	0.00830	0.00335	1.60519	0.00167	0.00335	0.00119	0.00119
GAA	AAA	GA	-0.90833	0.02320	0.01424	0.90833	0.00935	0.01424	0.00507	0.00507
GAA	GTA	AT	0.51261	0.00248	0.00316	-0.51261	0.00413	0.00316	0.00113	0.00113
GAA	GCA	AC	-0.98454	0.00830	0.00487	0.98454	0.00310	0.00487	0.00173	0.00173
GAA	GAT	AT	2.45852	0.00248	0.00666	-2.45852	0.02894	0.00666	0.00237	0.00237
GAA	GAC	AC	2.05998	0.00830	0.01959	-2.05998	0.06510	0.01959	0.00697	0.00697
GAG	CAG	GC	-1.54577	0.10165	0.04256	1.54577	0.02167	0.04256	0.01515	0.01515
GAG	AAG	GA	-0.61050	0.28418	0.20620	0.61050	0.15433	0.20620	0.07340	0.07340
GAG	GTG	AT	0.08652	0.03033	0.03166	-0.08652	0.03307	0.03166	0.01127	0.01127
GAG	GCG	AC	-1.03333	0.10165	0.05802	1.03333	0.03617	0.05802	0.02065	0.02065
GAG	GAT	GT	-0.26220	0.03033	0.02653	0.26220	0.02333	0.02653	0.00944	0.00944
GAG	GAC	GC	-0.66073	0.10165	0.07174	0.66073	0.05250	0.07174	0.02554	0.02554
GAG	GAA	GA	-2.72071	0.28418	0.05448	2.72071	0.01871	0.05448	0.05448	0.05448
GGT	TGT	GT	0.47974	0.00309	0.00390	-0.47974	0.00500	0.00390	0.00139	0.00139
GGT	CGT	GC	0.25111	0.01037	0.01173	-0.25111	0.01333	0.01173	0.00418	0.00418
GGT	AGT	GA	-1.82463	0.02900	0.01017	1.82463	0.00468	0.01017	0.00362	0.00362
GGT	GTT	GT	2.08918	0.00309	0.00738	-2.08918	0.02500	0.00738	0.00263	0.00263
GGT	GCT	GC	0.73661	0.01037	0.01466	-0.73661	0.02167	0.01466	0.00522	0.00522
GGT	GAT	GA	1.50758	0.02900	0.05615	-1.50758	0.13095	0.05615	0.01999	0.01999
GGC	TGC	GT	-0.32162	0.01609	0.01364	0.32162	0.01167	0.01364	0.00486	0.00486
GGC	CGC	GC	-0.91204	0.05394	0.03303	0.91204	0.02167	0.03303	0.01176	0.01176
GGC	AGC	GA	-2.78014	0.15079	0.02772	2.78014	0.00935	0.02772	0.00987	0.00987
GGC	GTC	GT	0.93114	0.01609	0.02473	-0.93114	0.04083	0.02473	0.00880	0.00880
GGC	GCC	GC	0.04937	0.05394	0.05528	-0.04937	0.05667	0.05528	0.01968	0.01968
GGC	GAC	GA	0.66985	0.15079	0.20689	-0.66985	0.29463	0.20689	0.07365	0.07365
GGC	GGT	CT	-0.43919	0.09031	0.07193	0.43919	0.05821	0.07193	0.07193	0.07193
GGA	CGA	GC	-9.02377	0.00830	0.00001	9.02377	0.00000	0.00000	0.00000	0.00000
GGA	AGA	GA	-8.32692	0.02320	0.00005	8.32692	0.00000	0.00000	0.00002	0.00000
GGA	GTA	GT	0.29742	0.00248	0.00286	-0.29742	0.00333	0.00286	0.00102	0.00102
GGA	GCA	GC	-1.19973	0.00830	0.00429	1.19973	0.00250	0.00429	0.00153	0.00153
GGA	GAA	GA	-0.21519	0.02320	0.02079	0.21519	0.01871	0.02079	0.00740	0.00740
GGA	GGT	AT	0.73575	0.00248	0.00350	-0.73575	0.00517	0.00350	0.00350	0.00350
GGA	GGC	AC	1.17495	0.00830	0.01411	-1.17495	0.02687	0.01411	0.01411	0.01411
GGG	TGG	GT	-9.51906	0.01362	0.00001	9.51906	0.00000	0.00000	0.00000	0.00000
GGG	CGG	GC	-1.00735	0.04564	0.02645	1.00735	0.01667	0.02645	0.00941	0.00941
GGG	AGG	GA	-0.26171	0.12759	0.11162	0.26171	0.09821	0.11162	0.03973	0.03973
GGG	GTG	GT	0.67211	0.01362	0.01870	-0.67211	0.02667	0.01870	0.00666	0.00666
GGG	GCG	GC	-0.44774	0.04564	0.03618	0.44774	0.02917	0.03618	0.01288	0.01288
GGG	GAG	GA	0.58559	0.12759	0.16857	-0.58559	0.22916	0.16857	0.06001	0.06001
GGG	GGT	GT	-1.18418	0.01362	0.00711	1.18418	0.00417	0.00711	0.00711	0.00711
GGG	GGC	GC	-0.74499	0.04564	0.03073	0.74499	0.02167	0.03073	0.03073	0.03073
GGG	GGA	GA	-1.91994	0.12759	0.04209	1.91994	0.01871	0.04209	0.04209	0.04209


Histograms
2Ns	FMut	FSub(CodonUsage)	FSubw(after w)

-9.59167	0.01558	0.00001	0.00002
-8.63250	0.00656	0.00001	0.00001
-7.67334	0.00106	0.00001	0.00000
-6.71417	0.00013	0.00000	0.00000
-5.75500	0.00023	0.00000	0.00000
-4.79584	0.00000	0.00000	0.00000
-3.83667	0.00000	0.00000	0.00000
-2.87750	0.07114	0.01596	0.02278
-1.91833	0.09396	0.04195	0.03712
-0.95917	0.39571	0.29899	0.28149
0.00000	0.23442	0.28616	0.31719
0.95917	0.16088	0.29899	0.28149
1.91833	0.01598	0.04195	0.03712
2.87750	0.00435	0.01596	0.02278
3.83667	0.00000	0.00000	0.00000
4.79584	0.00000	0.00000	0.00000
5.75500	0.00000	0.00000	0.00000
6.71417	0.00000	0.00000	0.00000
7.67334	0.00000	0.00000	0.00000
8.63250	0.00000	0.00000	0.00000
9.59167	0.00000	0.00000	0.00000

Proportion of advantageous (S > 0) mutations:
 0.28240

Proportions of good & bad mutations (|S| > 2.0000) among mutations:
0.00659  0.11502

mean |Ns| = 1.20602	mean Ns+ = 0.72819	mean Ns- = -1.39406

	3
I	J	ij	2Ns_IJ	pMut_IJ	pSub_IJ	2Ns_JI	pMut_JI	pSub_JI

TTC	TTT	CT	1.12245	0.04168	0.06936	-1.12245	0.12806	0.06936	0.06936	0.06936
TTA	TTT	AT	1.81189	0.00186	0.00402	-1.81189	0.01137	0.00402	0.00143	0.00143
TTA	TTC	AC	0.68944	0.00622	0.00861	-0.68944	0.01240	0.00861	0.00307	0.00307
TTG	TTT	GT	-0.34921	0.01300	0.01086	0.34921	0.00917	0.01086	0.00387	0.00387
TTG	TTC	GC	-1.47166	0.04356	0.01910	1.47166	0.01000	0.01910	0.00680	0.00680
TTG	TTA	GA	-2.16110	0.12179	0.03427	2.16110	0.01403	0.03427	0.03427	0.03427
TCT	TTT	CT	0.77415	0.05905	0.08483	-0.77415	0.12806	0.08483	0.03020	0.03020
TCC	TTC	CT	0.69864	0.06947	0.09654	-0.69864	0.13971	0.09654	0.03437	0.03437
TCC	TCT	CT	1.04695	0.06947	0.11207	-1.04695	0.19792	0.11207	0.11207	0.11207
TCA	TTA	CT	9.03351	0.00000	0.00000	-9.03351	0.03493	0.00004	0.00000	0.00001
TCA	TCT	AT	10.07125	0.00000	0.00000	-10.07125	0.01757	0.00001	0.00000	0.00001
TCA	TCC	AC	9.02431	0.00000	0.00000	-9.02431	0.02067	0.00002	0.00000	0.00002
TCG	TTG	CT	1.20947	0.07294	0.12574	-1.20947	0.24449	0.12574	0.04476	0.04476
TCG	TCT	GT	0.08611	0.01300	0.01357	-0.08611	0.01417	0.01357	0.01357	0.01357
TCG	TCC	GC	-0.96083	0.04356	0.02594	0.96083	0.01667	0.02594	0.02594	0.02594
TCG	TCA	GA	-9.98514	0.12179	0.00006	9.98514	0.00000	0.00000	0.00006	0.00000
TAT	TTT	AT	-0.18054	0.01362	0.01242	0.18054	0.01137	0.01242	0.00442	0.00442
TAT	TCT	AC	-0.95469	0.04564	0.02727	0.95469	0.01757	0.02727	0.00971	0.00971
TAC	TTC	AT	0.10714	0.01114	0.01175	-0.10714	0.01240	0.01175	0.00418	0.00418
TAC	TCC	AC	-0.59150	0.03734	0.02738	0.59150	0.02067	0.02738	0.00975	0.00975
TAC	TAT	CT	1.41014	0.06252	0.11664	-1.41014	0.25613	0.11664	0.11664	0.11664
TGT	TTT	GT	0.90356	0.00371	0.00564	-0.90356	0.00917	0.00564	0.00201	0.00201
TGT	TCT	GC	0.12941	0.01245	0.01327	-0.12941	0.01417	0.01327	0.00472	0.00472
TGT	TAT	GA	1.08410	0.03480	0.05700	-1.08410	0.10289	0.05700	0.02029	0.02029
TGC	TTC	GT	0.14327	0.00867	0.00930	-0.14327	0.01000	0.00930	0.00331	0.00331
TGC	TCC	GC	-0.55537	0.02904	0.02172	0.55537	0.01667	0.02172	0.00773	0.00773
TGC	TAC	GA	0.03613	0.08119	0.08267	-0.03613	0.08418	0.08267	0.02943	0.02943
TGC	TGT	CT	0.36217	0.04863	0.05797	-0.36217	0.06985	0.05797	0.05797	0.05797
TGG	TTG	GT	10.06738	0.00000	0.00000	-10.06738	0.01750	0.00001	0.00000	0.00000
TGG	TCG	GC	8.85791	0.00000	0.00000	-8.85791	0.01750	0.00002	0.00000	0.00001
TGG	TGT	GT	8.81461	0.00000	0.00000	-8.81461	0.00500	0.00001	0.00000	0.00000
TGG	TGC	GC	8.45245	0.00000	0.00000	-8.45245	0.01167	0.00002	0.00000	0.00001
CTT	TTT	CT	0.51632	0.07642	0.09784	-0.51632	0.12806	0.09784	0.03483	0.03483
CTC	TTC	CT	-0.08982	0.15284	0.14607	0.08982	0.13971	0.14607	0.05200	0.05200
CTC	CTT	CT	0.51632	0.15284	0.19567	-0.51632	0.25613	0.19567	0.19567	0.19567
CTA	TTA	CT	1.61493	0.00695	0.01400	-1.61493	0.03493	0.01400	0.01400	0.01400
CTA	CTT	AT	2.91050	0.00124	0.00381	-2.91050	0.02274	0.00381	0.00381	0.00381
CTA	CTC	AC	2.39419	0.00415	0.01093	-2.39419	0.04547	0.01093	0.01093	0.01093
CTG	TTG	CT	0.54042	0.14241	0.18435	-0.54042	0.24449	0.18435	0.18435	0.18435
CTG	CTT	GT	-0.32511	0.02538	0.02147	0.32511	0.01833	0.02147	0.02147	0.02147
CTG	CTC	GC	-0.84143	0.08505	0.05423	0.84143	0.03667	0.05423	0.05423	0.05423
CTG	CTA	GA	-3.23561	0.23778	0.03150	3.23561	0.00935	0.03150	0.03150	0.03150
CCT	TCT	CT	1.55777	0.04168	0.08225	-1.55777	0.19792	0.08225	0.02928	0.02928
CCT	CTT	CT	1.81560	0.04168	0.09039	-1.81560	0.25613	0.09039	0.03218	0.03218
CCC	TCC	CT	0.46753	0.14589	0.18264	-0.46753	0.23284	0.18264	0.06501	0.06501
CCC	CTC	CT	1.25599	0.14589	0.25620	-1.25599	0.51226	0.25620	0.09120	0.09120
CCC	CCT	CT	-0.04330	0.14589	0.14275	0.04330	0.13971	0.14275	0.14275	0.14275
CCA	TCA	CT	-6.20912	0.00695	0.00009	6.20912	0.00000	0.00000	0.00003	0.00000
CCA	CTA	CT	1.20947	0.00695	0.01198	-1.20947	0.02328	0.01198	0.00426	0.00426
CCA	CCT	AT	2.30437	0.00124	0.00317	-2.30437	0.01240	0.00317	0.00317	0.00317
CCA	CCC	AC	2.34767	0.00415	0.01077	-2.34767	0.04340	0.01077	0.01077	0.01077
CCG	TCG	CT	0.99589	0.09031	0.14263	-0.99589	0.24449	0.14263	0.05077	0.05077
CCG	CTG	CT	1.66494	0.09031	0.18545	-1.66494	0.47733	0.18545	0.06601	0.06601
CCG	CCT	GT	-0.47577	0.01609	0.01257	0.47577	0.01000	0.01257	0.01257	0.01257
CCG	CCC	GC	-0.43247	0.05394	0.04311	0.43247	0.03500	0.04311	0.04311	0.04311
CCG	CCA	GA	-2.78014	0.15079	0.02772	2.78014	0.00935	0.02772	0.02772	0.02772
CAT	TAT	CT	1.04241	0.09031	0.14542	-1.04241	0.25613	0.14542	0.05176	0.05176
CAT	CTT	AT	0.34555	0.01609	0.01903	-0.34555	0.02274	0.01903	0.00678	0.00678
CAT	CCT	AC	-1.47005	0.05394	0.02367	1.47005	0.01240	0.02367	0.00843	0.00843
CAC	TAC	CT	1.00879	0.07642	0.12134	-1.00879	0.20956	0.12134	0.04319	0.04319
CAC	CTC	AT	1.20576	0.01362	0.02344	-1.20576	0.04547	0.02344	0.00834	0.00834
CAC	CCC	AC	-0.05023	0.04564	0.04450	0.05023	0.04340	0.04450	0.01584	0.01584
CAC	CAT	CT	1.37652	0.07642	0.14071	-1.37652	0.30270	0.14071	0.14071	0.14071
CAA	CTA	AT	0.51261	0.00124	0.00158	-0.51261	0.00207	0.00158	0.00056	0.00056
CAA	CCA	AC	-0.69686	0.00415	0.00287	0.69686	0.00207	0.00287	0.00102	0.00102
CAA	CAT	AT	3.07756	0.00124	0.00399	-3.07756	0.02687	0.00399	0.00142	0.00142
CAA	CAC	AC	1.70104	0.00415	0.00863	-1.70104	0.02274	0.00863	0.00307	0.00307
CAG	CTG	AT	0.96808	0.01609	0.02512	-0.96808	0.04237	0.02512	0.00894	0.00894
CAG	CCG	AC	-0.69686	0.05394	0.03731	0.69686	0.02687	0.03731	0.01328	0.01328
CAG	CAT	GT	0.29742	0.01609	0.01860	-0.29742	0.02167	0.01860	0.00662	0.00662
CAG	CAC	GC	-1.07910	0.05394	0.02997	1.07910	0.01833	0.02997	0.01067	0.01067
CAG	CAA	GA	-2.78014	0.15079	0.02772	2.78014	0.00935	0.02772	0.02772	0.02772
CGT	TGT	CT	0.22864	0.05558	0.06217	-0.22864	0.06985	0.06217	0.02213	0.02213
CGT	CTT	GT	0.61587	0.00990	0.01326	-0.61587	0.01833	0.01326	0.00472	0.00472
CGT	CCT	GC	-1.19973	0.03319	0.01717	1.19973	0.01000	0.01717	0.00611	0.00611
CGT	CAT	GA	0.27032	0.09279	0.10590	-0.27032	0.12159	0.10590	0.03770	0.03770
CGC	TGC	CT	0.59043	0.09031	0.11958	-0.59043	0.16299	0.11958	0.04257	0.04257
CGC	CTC	GT	0.82351	0.01609	0.02362	-0.82351	0.03667	0.02362	0.00841	0.00841
CGC	CCC	GC	-0.43247	0.05394	0.04311	0.43247	0.03500	0.04311	0.01535	0.01535
CGC	CAC	GA	-0.38224	0.15079	0.12380	0.38224	0.10289	0.12380	0.04407	0.04407
CGC	CGT	CT	0.72396	0.09031	0.12691	-0.72396	0.18627	0.12691	0.12691	0.12691
CGA	CTA	GT	7.71600	0.00000	0.00000	-7.71600	0.00167	0.00001	0.00000	0.00000
CGA	CCA	GC	6.50654	0.00000	0.00000	-6.50654	0.00167	0.00002	0.00000	0.00001
CGA	CAA	GA	7.20339	0.00000	0.00000	-7.20339	0.00935	0.00005	0.00000	0.00002
CGA	CGT	AT	10.01063	0.00000	0.00000	-10.01063	0.01653	0.00001	0.00000	0.00001
CGA	CGC	AC	9.28667	0.00000	0.00000	-9.28667	0.02687	0.00002	0.00000	0.00002
CGG	TGG	CT	-8.51170	0.06947	0.00012	8.51170	0.00000	0.00000	0.00004	0.00000
CGG	CTG	GT	1.01526	0.01238	0.01971	-1.01526	0.03417	0.01971	0.00702	0.00702
CGG	CCG	GC	-0.64968	0.04149	0.02946	0.64968	0.02167	0.02946	0.01049	0.01049
CGG	CAG	GA	0.04718	0.11599	0.11875	-0.04718	0.12159	0.11875	0.04227	0.04227
CGG	CGT	GT	0.07428	0.01238	0.01284	-0.07428	0.01333	0.01284	0.01284	0.01284
CGG	CGC	GC	-0.64968	0.04149	0.02946	0.64968	0.02167	0.02946	0.02946	0.02946
CGG	CGA	GA	-9.93635	0.11599	0.00006	9.93635	0.00000	0.00000	0.00006	0.00000
ATT	TTT	AT	0.13791	0.00990	0.01060	-0.13791	0.01137	0.01060	0.00377	0.00377
ATT	CTT	AC	-0.37840	0.03319	0.02731	0.37840	0.02274	0.02731	0.00972	0.00972
ATC	TTC	AT	-0.55783	0.02166	0.01618	0.55783	0.01240	0.01618	0.00576	0.00576
ATC	CTC	AC	-0.46802	0.07261	0.05694	0.46802	0.04547	0.05694	0.02027	0.02027
ATC	ATT	CT	0.42671	0.12157	0.14935	-0.42671	0.18627	0.14935	0.14935	0.14935
ATA	TTA	AT	0.91807	0.00124	0.00189	-0.91807	0.00310	0.00189	0.00067	0.00067
ATA	CTA	AC	-0.69686	0.00415	0.00287	0.69686	0.00207	0.00287	0.00102	0.00102
ATA	ATT	AT	2.59205	0.00124	0.00347	-2.59205	0.01653	0.00347	0.00347	0.00347
ATA	ATC	AC	2.16534	0.00415	0.01015	-2.16534	0.03617	0.01015	0.01015	0.01015
ATG	TTG	AT	0.15593	0.01857	0.02005	-0.15593	0.02170	0.02005	0.00714	0.00714
ATG	CTG	AC	-0.38448	0.06224	0.05104	0.38448	0.04237	0.05104	0.01817	0.01817
ATG	ATT	GT	-0.33119	0.01857	0.01566	0.33119	0.01333	0.01566	0.00558	0.00558
ATG	ATC	GC	-0.75789	0.06224	0.04160	0.75789	0.02917	0.04160	0.01481	0.01481
ATG	ATA	GA	-2.92324	0.17399	0.02890	2.92324	0.00935	0.02890	0.01029	0.01029
ACT	TCT	AT	0.78087	0.00805	0.01159	-0.78087	0.01757	0.01159	0.00413	0.00413
ACT	CCT	AC	-0.77690	0.02697	0.01784	0.77690	0.01240	0.01784	0.00635	0.00635
ACT	ATT	CT	1.41710	0.04516	0.08447	-1.41710	0.18627	0.08447	0.03007	0.03007
ACC	TCC	AT	0.17614	0.01733	0.01890	-0.17614	0.02067	0.01890	0.00673	0.00673
ACC	CCC	AC	-0.29139	0.05809	0.05003	0.29139	0.04340	0.05003	0.01781	0.01781
ACC	ATC	CT	1.43261	0.09726	0.18302	-1.43261	0.40748	0.18302	0.06515	0.06515
ACC	ACT	CT	0.44221	0.09726	0.12034	-0.44221	0.15135	0.12034	0.12034	0.12034
ACA	TCA	AT	-8.29227	0.00495	0.00001	8.29227	0.00000	0.00000	0.00000	0.00000
ACA	CCA	AC	-2.08315	0.01660	0.00492	2.08315	0.00207	0.00492	0.00175	0.00175
ACA	ATA	CT	-0.17683	0.02779	0.02540	0.17683	0.02328	0.02540	0.00904	0.00904
ACA	ACT	AT	0.99812	0.00495	0.00783	-0.99812	0.01343	0.00783	0.00783	0.00783
ACA	ACC	AC	0.55591	0.01660	0.02163	-0.55591	0.02894	0.02163	0.02163	0.02163
ACG	TCG	AT	0.61269	0.01176	0.01573	-0.61269	0.02170	0.01573	0.00560	0.00560
ACG	CCG	AC	-0.38320	0.03942	0.03234	0.38320	0.02687	0.03234	0.01151	0.01151
ACG	ATG	CT	1.66622	0.06600	0.13559	-1.66622	0.34927	0.13559	0.04826	0.04826
ACG	ACT	GT	-0.08207	0.01176	0.01128	0.08207	0.01083	0.01128	0.01128	0.01128
ACG	ACC	GC	-0.52428	0.03942	0.02998	0.52428	0.02333	0.02998	0.02998	0.02998
ACG	ACA	GA	-1.08018	0.11019	0.06119	1.08018	0.03741	0.06119	0.06119	0.06119
AAT	TAT	AT	0.77044	0.01052	0.01509	-0.77044	0.02274	0.01509	0.00537	0.00537
AAT	CAT	AC	-0.27197	0.03527	0.03069	0.27197	0.02687	0.03069	0.01092	0.01092
AAT	ATT	AT	0.45198	0.01052	0.01308	-0.45198	0.01653	0.01308	0.00466	0.00466
AAT	ACT	AC	-0.96512	0.03527	0.02094	0.96512	0.01343	0.02094	0.00746	0.00746
AAC	TAC	AT	-0.03101	0.01919	0.01889	0.03101	0.01860	0.01889	0.00672	0.00672
AAC	CAC	AC	-1.03980	0.06431	0.03657	1.03980	0.02274	0.03657	0.01302	0.01302
AAC	ATC	AT	0.63397	0.01919	0.02591	-0.63397	0.03617	0.02591	0.00922	0.00922
AAC	ACC	AC	-0.79864	0.06431	0.04201	0.79864	0.02894	0.04201	0.01495	0.01495
AAC	AAT	CT	0.60869	0.10768	0.14376	-0.60869	0.19792	0.14376	0.14376	0.14376
AAA	CAA	AC	-0.69686	0.00415	0.00287	0.69686	0.00207	0.00287	0.00102	0.00102
AAA	ATA	AT	0.51261	0.00124	0.00158	-0.51261	0.00207	0.00158	0.00056	0.00056
AAA	ACA	AC	0.68944	0.00415	0.00574	-0.68944	0.00827	0.00574	0.00204	0.00204
AAA	AAT	AT	2.65267	0.00124	0.00353	-2.65267	0.01757	0.00353	0.00126	0.00126
AAA	AAC	AC	2.04398	0.00415	0.00974	-2.04398	0.03204	0.00974	0.00347	0.00347
AAG	CAG	AC	-0.93527	0.06846	0.04136	0.93527	0.02687	0.04136	0.01472	0.01472
AAG	ATG	AT	0.41730	0.02043	0.02498	-0.41730	0.03100	0.02498	0.00889	0.00889
AAG	ACG	AC	-1.24893	0.06846	0.03438	1.24893	0.01963	0.03438	0.01224	0.01224
AAG	AAT	GT	-0.36587	0.02043	0.01692	0.36587	0.01417	0.01692	0.00602	0.00602
AAG	AAC	GC	-0.97456	0.06846	0.04043	0.97456	0.02583	0.04043	0.01439	0.01439
AAG	AAA	GA	-3.01855	0.19138	0.02968	3.01855	0.00935	0.02968	0.02968	0.02968
AGT	TGT	AT	2.30437	0.00062	0.00158	-2.30437	0.00620	0.00158	0.00056	0.00056
AGT	CGT	AC	2.07573	0.00207	0.00492	-2.07573	0.01653	0.00492	0.00175	0.00175
AGT	ATT	GT	3.07001	0.00062	0.00199	-3.07001	0.01333	0.00199	0.00071	0.00071
AGT	ACT	GC	1.65290	0.00207	0.00424	-1.65290	0.01083	0.00424	0.00151	0.00151
AGT	AAT	GA	2.61803	0.00580	0.01638	-2.61803	0.07950	0.01638	0.00583	0.00583
AGC	TGC	AT	2.45852	0.00124	0.00333	-2.45852	0.01447	0.00333	0.00118	0.00118
AGC	CGC	AC	1.86809	0.00415	0.00917	-1.86809	0.02687	0.00917	0.00326	0.00326
AGC	ATC	GT	3.15962	0.00124	0.00408	-3.15962	0.02917	0.00408	0.00145	0.00145
AGC	ACC	GC	1.72701	0.00415	0.00872	-1.72701	0.02333	0.00872	0.00310	0.00310
AGC	AAC	GA	2.52565	0.01160	0.03184	-2.52565	0.14498	0.03184	0.01134	0.01134
AGC	AGT	CT	0.51632	0.00695	0.00889	-0.51632	0.01164	0.00889	0.00889	0.00889
AGA	CGA	AC	-0.69686	0.00000	0.00000	0.69686	0.00000	0.00000	0.00000	0.00000
AGA	ATA	GT	7.71600	0.00000	0.00000	-7.71600	0.00167	0.00001	0.00000	0.00000
AGA	ACA	GC	7.89283	0.00000	0.00000	-7.89283	0.00667	0.00002	0.00000	0.00001
AGA	AAA	GA	7.20339	0.00000	0.00000	-7.20339	0.00935	0.00005	0.00000	0.00002
AGA	AGT	AT	7.23804	0.00000	0.00000	-7.23804	0.00103	0.00001	0.00000	0.00000
AGA	AGC	AC	6.72172	0.00000	0.00000	-6.72172	0.00207	0.00002	0.00000	0.00001
AGG	TGG	AT	-9.25735	0.01300	0.00001	9.25735	0.00000	0.00000	0.00000	0.00000
AGG	CGG	AC	-0.74565	0.04356	0.02932	0.74565	0.02067	0.02932	0.02932	0.02932
AGG	ATG	GT	0.65410	0.01300	0.01771	-0.65410	0.02500	0.01771	0.00630	0.00630
AGG	ACG	GC	-1.01213	0.04356	0.02518	1.01213	0.01583	0.02518	0.00896	0.00896
AGG	AAG	GA	0.23680	0.12179	0.13678	-0.23680	0.15433	0.13678	0.04869	0.04869
AGG	AGT	GT	-2.74710	0.01300	0.00245	2.74710	0.00083	0.00245	0.00087	0.00087
AGG	AGC	GC	-3.26342	0.04356	0.00566	3.26342	0.00167	0.00566	0.00201	0.00201
AGG	AGA	GA	-9.98514	0.12179	0.00006	9.98514	0.00000	0.00000	0.00006	0.00000
GTT	TTT	GT	-0.70588	0.01857	0.01278	0.70588	0.00917	0.01278	0.00455	0.00455
GTT	CTT	GC	-1.22220	0.06224	0.03176	1.22220	0.01833	0.03176	0.01131	0.01131
GTT	ATT	GA	-0.84380	0.17399	0.11078	0.84380	0.07483	0.11078	0.03944	0.03944
GTC	TTC	GT	-1.10949	0.03033	0.01655	1.10949	0.01000	0.01655	0.00589	0.00589
GTC	CTC	GC	-1.01968	0.10165	0.05848	1.01968	0.03667	0.05848	0.02082	0.02082
GTC	ATC	GA	-0.55166	0.28418	0.21296	0.55166	0.16368	0.21296	0.07581	0.07581
GTC	GTT	CT	0.71884	0.17020	0.23864	-0.71884	0.34927	0.23864	0.23864	0.23864
GTA	TTA	GT	0.00974	0.00248	0.00249	-0.00974	0.00250	0.00249	0.00089	0.00089
GTA	CTA	GC	-1.60519	0.00830	0.00335	1.60519	0.00167	0.00335	0.00119	0.00119
GTA	ATA	GA	-0.90833	0.02320	0.01424	0.90833	0.00935	0.01424	0.00507	0.00507
GTA	GTT	AT	2.52751	0.00248	0.00680	-2.52751	0.03100	0.00680	0.00680	0.00680
GTA	GTC	AC	1.80867	0.00830	0.01795	-1.80867	0.05064	0.01795	0.01795	0.01795
GTG	TTG	GT	-0.12379	0.01981	0.01861	0.12379	0.01750	0.01861	0.00662	0.00662
GTG	CTG	GC	-0.66421	0.06638	0.04676	0.66421	0.03417	0.04676	0.01665	0.01665
GTG	ATG	GA	-0.27973	0.18559	0.16084	0.27973	0.14030	0.16084	0.05725	0.05725
GTG	GTT	GT	0.23288	0.01981	0.02220	-0.23288	0.02500	0.02220	0.02220	0.02220
GTG	GTC	GC	-0.48596	0.06638	0.05156	0.48596	0.04083	0.05156	0.05156	0.05156
GTG	GTA	GA	-2.29463	0.18559	0.04774	2.29463	0.01871	0.04774	0.04774	0.04774
GCT	TCT	GT	-0.12746	0.01609	0.01509	0.12746	0.01417	0.01509	0.00537	0.00537
GCT	CCT	GC	-1.68523	0.05394	0.02069	1.68523	0.01000	0.02069	0.00736	0.00736
GCT	ACT	GA	-0.90833	0.15079	0.09253	0.90833	0.06080	0.09253	0.03294	0.03294
GCT	GTT	CT	1.35257	0.09031	0.16475	-1.35257	0.34927	0.16475	0.05865	0.05865
GCC	TCC	GT	-0.92635	0.04209	0.02556	0.92635	0.01667	0.02556	0.00910	0.00910
GCC	CCC	GC	-1.39388	0.14107	0.06488	1.39388	0.03500	0.06488	0.02310	0.02310
GCC	ACC	GA	-1.10249	0.39437	0.21613	1.10249	0.13095	0.21613	0.07694	0.07694
GCC	GTC	CT	0.88178	0.23620	0.35545	-0.88178	0.57047	0.35545	0.12653	0.12653
GCC	GCT	CT	0.24805	0.23620	0.26670	-0.24805	0.30270	0.26670	0.26670	0.26670
GCA	TCA	GT	-7.52663	0.00186	0.00001	7.52663	0.00000	0.00000	0.00000	0.00000
GCA	CCA	GC	-1.31751	0.00622	0.00300	1.31751	0.00167	0.00300	0.00107	0.00107
GCA	ACA	GA	0.76564	0.01740	0.02490	-0.76564	0.03741	0.02490	0.00886	0.00886
GCA	GTA	CT	1.49715	0.01042	0.02010	-1.49715	0.04657	0.02010	0.00715	0.00715
GCA	GCT	AT	2.67209	0.00186	0.00533	-2.67209	0.02687	0.00533	0.00533	0.00533
GCA	GCC	AC	2.42404	0.00622	0.01655	-2.42404	0.07027	0.01655	0.01655	0.01655
GCG	TCG	GT	-0.21340	0.02166	0.01943	0.21340	0.01750	0.01943	0.00692	0.00692
GCG	CCG	GC	-1.20930	0.07261	0.03735	1.20930	0.02167	0.03735	0.01329	0.01329
GCG	ACG	GA	-0.82610	0.20298	0.13056	0.82610	0.08886	0.13056	0.04647	0.04647
GCG	GTG	CT	1.11985	0.12157	0.20209	-1.11985	0.37255	0.20209	0.07194	0.07194
GCG	GCT	GT	0.00017	0.02166	0.02166	-0.00017	0.02167	0.02166	0.02166	0.02166
GCG	GCC	GC	-0.24788	0.07261	0.06398	0.24788	0.05667	0.06398	0.06398	0.06398
GCG	GCA	GA	-2.67192	0.20298	0.04027	2.67192	0.01403	0.04027	0.04027	0.04027
GAT	TAT	GT	0.05626	0.01733	0.01782	-0.05626	0.01833	0.01782	0.00634	0.00634
GAT	CAT	GC	-0.98615	0.05809	0.03408	0.98615	0.02167	0.03408	0.01213	0.01213
GAT	AAT	GA	-0.71418	0.16239	0.11124	0.71418	0.07950	0.11124	0.03960	0.03960
GAT	GTT	AT	0.58160	0.01733	0.02286	-0.58160	0.03100	0.02286	0.00814	0.00814
GAT	GCT	AC	-0.77097	0.05809	0.03854	0.77097	0.02687	0.03854	0.01372	0.01372
GAC	TAC	GT	-0.95534	0.03899	0.02329	0.95534	0.01500	0.02329	0.00829	0.00829
GAC	CAC	GC	-1.96414	0.13069	0.04188	1.96414	0.01833	0.04188	0.01491	0.01491
GAC	AAC	GA	-0.92433	0.36537	0.22216	0.92433	0.14498	0.22216	0.07908	0.07908
GAC	GTC	AT	0.26129	0.03899	0.04431	-0.26129	0.05064	0.04431	0.01577	0.01577
GAC	GCC	AC	-0.62048	0.13069	0.09431	0.62048	0.07027	0.09431	0.03357	0.03357
GAC	GAT	CT	0.39853	0.21883	0.26533	-0.39853	0.32598	0.26533	0.26533	0.26533
GAA	CAA	GC	-1.60519	0.00830	0.00335	1.60519	0.00167	0.00335	0.00119	0.00119
GAA	AAA	GA	-0.90833	0.02320	0.01424	0.90833	0.00935	0.01424	0.00507	0.00507
GAA	GTA	AT	0.51261	0.00248	0.00316	-0.51261	0.00413	0.00316	0.00113	0.00113
GAA	GCA	AC	-0.98454	0.00830	0.00487	0.98454	0.00310	0.00487	0.00173	0.00173
GAA	GAT	AT	2.45852	0.00248	0.00666	-2.45852	0.02894	0.00666	0.00237	0.00237
GAA	GAC	AC	2.05998	0.00830	0.01959	-2.05998	0.06510	0.01959	0.00697	0.00697
GAG	CAG	GC	-1.54577	0.10165	0.04256	1.54577	0.02167	0.04256	0.01515	0.01515
GAG	AAG	GA	-0.61050	0.28418	0.20620	0.61050	0.15433	0.20620	0.07340	0.07340
GAG	GTG	AT	0.08652	0.03033	0.03166	-0.08652	0.03307	0.03166	0.01127	0.01127
GAG	GCG	AC	-1.03333	0.10165	0.05802	1.03333	0.03617	0.05802	0.02065	0.02065
GAG	GAT	GT	-0.26220	0.03033	0.02653	0.26220	0.02333	0.02653	0.00944	0.00944
GAG	GAC	GC	-0.66073	0.10165	0.07174	0.66073	0.05250	0.07174	0.02554	0.02554
GAG	GAA	GA	-2.72071	0.28418	0.05448	2.72071	0.01871	0.05448	0.05448	0.05448
GGT	TGT	GT	0.47974	0.00309	0.00390	-0.47974	0.00500	0.00390	0.00139	0.00139
GGT	CGT	GC	0.25111	0.01037	0.01173	-0.25111	0.01333	0.01173	0.00418	0.00418
GGT	AGT	GA	-1.82463	0.02900	0.01017	1.82463	0.00468	0.01017	0.00362	0.00362
GGT	GTT	GT	2.08918	0.00309	0.00738	-2.08918	0.02500	0.00738	0.00263	0.00263
GGT	GCT	GC	0.73661	0.01037	0.01466	-0.73661	0.02167	0.01466	0.00522	0.00522
GGT	GAT	GA	1.50758	0.02900	0.05615	-1.50758	0.13095	0.05615	0.01999	0.01999
GGC	TGC	GT	-0.32162	0.01609	0.01364	0.32162	0.01167	0.01364	0.00486	0.00486
GGC	CGC	GC	-0.91204	0.05394	0.03303	0.91204	0.02167	0.03303	0.01176	0.01176
GGC	AGC	GA	-2.78014	0.15079	0.02772	2.78014	0.00935	0.02772	0.00987	0.00987
GGC	GTC	GT	0.93114	0.01609	0.02473	-0.93114	0.04083	0.02473	0.00880	0.00880
GGC	GCC	GC	0.04937	0.05394	0.05528	-0.04937	0.05667	0.05528	0.01968	0.01968
GGC	GAC	GA	0.66985	0.15079	0.20689	-0.66985	0.29463	0.20689	0.07365	0.07365
GGC	GGT	CT	-0.43919	0.09031	0.07193	0.43919	0.05821	0.07193	0.07193	0.07193
GGA	CGA	GC	-9.02377	0.00830	0.00001	9.02377	0.00000	0.00000	0.00000	0.00000
GGA	AGA	GA	-8.32692	0.02320	0.00005	8.32692	0.00000	0.00000	0.00002	0.00000
GGA	GTA	GT	0.29742	0.00248	0.00286	-0.29742	0.00333	0.00286	0.00102	0.00102
GGA	GCA	GC	-1.19973	0.00830	0.00429	1.19973	0.00250	0.00429	0.00153	0.00153
GGA	GAA	GA	-0.21519	0.02320	0.02079	0.21519	0.01871	0.02079	0.00740	0.00740
GGA	GGT	AT	0.73575	0.00248	0.00350	-0.73575	0.00517	0.00350	0.00350	0.00350
GGA	GGC	AC	1.17495	0.00830	0.01411	-1.17495	0.02687	0.01411	0.01411	0.01411
GGG	TGG	GT	-9.51906	0.01362	0.00001	9.51906	0.00000	0.00000	0.00000	0.00000
GGG	CGG	GC	-1.00735	0.04564	0.02645	1.00735	0.01667	0.02645	0.00941	0.00941
GGG	AGG	GA	-0.26171	0.12759	0.11162	0.26171	0.09821	0.11162	0.03973	0.03973
GGG	GTG	GT	0.67211	0.01362	0.01870	-0.67211	0.02667	0.01870	0.00666	0.00666
GGG	GCG	GC	-0.44774	0.04564	0.03618	0.44774	0.02917	0.03618	0.01288	0.01288
GGG	GAG	GA	0.58559	0.12759	0.16857	-0.58559	0.22916	0.16857	0.06001	0.06001
GGG	GGT	GT	-1.18418	0.01362	0.00711	1.18418	0.00417	0.00711	0.00711	0.00711
GGG	GGC	GC	-0.74499	0.04564	0.03073	0.74499	0.02167	0.03073	0.03073	0.03073
GGG	GGA	GA	-1.91994	0.12759	0.04209	1.91994	0.01871	0.04209	0.04209	0.04209


Histograms
2Ns	FMut	FSub(CodonUsage)	FSubw(after w)

-9.59167	0.01558	0.00001	0.00002
-8.63250	0.00656	0.00001	0.00001
-7.67334	0.00106	0.00001	0.00000
-6.71417	0.00013	0.00000	0.00000
-5.75500	0.00023	0.00000	0.00000
-4.79584	0.00000	0.00000	0.00000
-3.83667	0.00000	0.00000	0.00000
-2.87750	0.07114	0.01596	0.02278
-1.91833	0.09396	0.04195	0.03712
-0.95917	0.39571	0.29899	0.28149
0.00000	0.23442	0.28616	0.31719
0.95917	0.16088	0.29899	0.28149
1.91833	0.01598	0.04195	0.03712
2.87750	0.00435	0.01596	0.02278
3.83667	0.00000	0.00000	0.00000
4.79584	0.00000	0.00000	0.00000
5.75500	0.00000	0.00000	0.00000
6.71417	0.00000	0.00000	0.00000
7.67334	0.00000	0.00000	0.00000
8.63250	0.00000	0.00000	0.00000
9.59167	0.00000	0.00000	0.00000

Proportion of advantageous (S > 0) mutations:
 0.28240

Proportions of good & bad mutations (|S| > 2.0000) among mutations:
0.00659  0.11502

mean |Ns| = 1.20602	mean Ns+ = 0.72819	mean Ns- = -1.39406

