
Dataset  1


TREE # 1

  0  0.0000   2588.368896  x:  0.11784   0.15386   0.27118   0.39694   0.40823   1.00000   0.73478   1.12962   0.61175   0.50000  
  1 99.0000   2545.630417  x:  0.22609   0.12646   0.27551   0.36056   0.41121   1.40333   0.81370   1.15766   0.60437   0.24488  
  2 151.7322   2514.340204  x:  0.08630   0.20941   0.33433   0.38007   0.43938   2.05604   0.93309   1.19430   0.66008   0.38516  
  3 156.2117   2508.326507  x:  0.13435   0.14437   0.29469   0.41290   0.44351   2.18957   0.95406   1.20606   0.68777   0.46897  
  4 118.4653   2508.032448  x:  0.12479   0.13631   0.27851   0.40709   0.43318   2.19643   0.95388   1.21235   0.69512   0.46941  
  5 23.9391   2507.823768  x:  0.13102   0.14784   0.26603   0.40062   0.41957   2.20129   0.95131   1.22639   0.71193   0.47237  
  6 16.8856   2507.192120  x:  0.13649   0.14015   0.28769   0.38561   0.38913   2.21261   0.93593   1.30602   0.80146   0.47173  
  7 16.8571   2503.987801  x:  0.12020   0.14492   0.27710   0.39652   0.46251   2.26778   0.85313   1.83202   1.36693   0.41158  
  8 53.2632   2503.460308  x:  0.11293   0.14910   0.27637   0.44120   0.44739   2.26793   0.89573   1.91034   1.44258   0.39524  
  9 21.9305   2500.540190  x:  0.11771   0.14665   0.27837   0.40353   0.48675   2.23232   1.44890   2.41070   1.89732   0.37087  
 10 26.4351   2482.296494  x:  0.18436   0.13868   0.30734   0.39992   0.37318   3.68761   1.18281   3.26141   1.25515   0.41793  
 11  0.8395   2478.965339  x:  0.17261   0.14207   0.31244   0.40962   0.39188   3.91423   1.17452   2.69645   1.80534   0.31633  
 12  4.9945   2475.723288  x:  0.16585   0.13483   0.30147   0.40090   0.46853   4.47816   0.92335   2.23776   1.66114   0.35288  
 13  0.5235   2474.189955  x:  0.15144   0.14238   0.30068   0.41040   0.47218   5.24576   0.89246   2.58394   1.41140   0.34751  
 14  0.3126   2473.956985  x:  0.15187   0.14175   0.30367   0.41471   0.46862   5.48086   0.74929   2.46845   1.28933   0.35002  
 15  0.3113   2473.920754  x:  0.15534   0.13987   0.30498   0.41355   0.46616   5.57535   0.73951   2.51786   1.22617   0.35751  
 16  0.1047   2473.916043  x:  0.15671   0.13952   0.30497   0.41217   0.46519   5.61260   0.73976   2.49491   1.23805   0.35577  
 17  0.0311   2473.915888  x:  0.15679   0.13969   0.30489   0.41251   0.46517   5.61192   0.74301   2.49410   1.24154   0.35585  
 18  0.0041   2473.915869  x:  0.15673   0.13972   0.30490   0.41261   0.46511   5.61312   0.74248   2.49196   1.24086   0.35597  
 19  0.0019   2473.915865  x:  0.15668   0.13971   0.30491   0.41256   0.46509   5.61253   0.74274   2.49057   1.24062   0.35598  
 20  0.0009   2473.915864  x:  0.15671   0.13971   0.30491   0.41257   0.46508   5.61196   0.74275   2.48947   1.24013   0.35597  
 21  0.0004   2473.915864  x:  0.15671   0.13971   0.30491   0.41257   0.46509   5.61202   0.74273   2.48940   1.24010   0.35597  
 22  0.0001   2473.915864  x:  0.15671   0.13971   0.30491   0.41257   0.46509   5.61203   0.74273   2.48941   1.24009   0.35597  
 23  0.0000   2473.915864  x:  0.15671   0.13971   0.30491   0.41257   0.46509   5.61203   0.74273   2.48941   1.24009   0.35597  
Dataset  2


TREE # 1

  0  0.0000   2478.850004  x:  0.11784   0.15386   0.27118   0.39694   0.40823   5.61203   0.77399   1.14588   0.59898   0.35597  
  1 99.0000   2476.860607  x:  0.16941   0.14874   0.29396   0.41038   0.43669   5.61122   0.76796   1.14798   0.60729   0.36986  
  2 64.7042   2476.541050  x:  0.16086   0.13078   0.30582   0.41282   0.45720   5.61046   0.76001   1.15363   0.61791   0.36723  
  3 19.8704   2476.381601  x:  0.15370   0.14090   0.31323   0.41328   0.47324   5.60950   0.74898   1.16252   0.63260   0.36127  
  4 16.2282   2476.107883  x:  0.15762   0.14094   0.29447   0.41417   0.48390   5.60662   0.71240   1.19641   0.68158   0.34458  
  5 13.0733   2475.674596  x:  0.15553   0.13969   0.30337   0.41453   0.46147   5.60103   0.64482   1.27044   0.77476   0.35066  
  6 24.4535   2475.525738  x:  0.16070   0.13769   0.31316   0.40715   0.45473   5.59896   0.64659   1.33308   0.79583   0.33623  
  7  8.0551   2474.296205  x:  0.15771   0.13967   0.30046   0.39205   0.46808   5.57788   0.71656   2.01508   0.98966   0.37796  
  8 30.8595   2474.159575  x:  0.15468   0.14068   0.30076   0.41744   0.46460   5.57583   0.72543   2.08338   1.00853   0.37471  
  9 25.9792   2474.113416  x:  0.15499   0.14020   0.30266   0.41600   0.46159   5.58461   0.78616   2.10435   1.09338   0.36964  
 10  0.4089   2473.944150  x:  0.15668   0.13910   0.30635   0.41306   0.46444   5.53415   0.74829   2.31323   1.18039   0.35111  
 11  0.3823   2473.921318  x:  0.15684   0.13973   0.30489   0.41289   0.46593   5.65074   0.73035   2.42509   1.21188   0.35497  
 12  0.1285   2473.916214  x:  0.15669   0.13981   0.30456   0.41247   0.46481   5.60427   0.74458   2.47230   1.24146   0.35620  
 13  0.0796   2473.915957  x:  0.15668   0.13969   0.30495   0.41267   0.46521   5.61044   0.74419   2.48543   1.24503   0.35568  
 14  0.0115   2473.915873  x:  0.15675   0.13970   0.30493   0.41260   0.46509   5.61143   0.74239   2.49011   1.24072   0.35599  
 15  0.0025   2473.915864  x:  0.15672   0.13971   0.30491   0.41258   0.46510   5.61214   0.74277   2.48946   1.24014   0.35598  
 16  0.0012   2473.915864  x:  0.15671   0.13971   0.30491   0.41257   0.46510   5.61201   0.74273   2.48939   1.24009   0.35597  
 17  0.0001   2473.915864  x:  0.15671   0.13971   0.30491   0.41257   0.46509   5.61203   0.74273   2.48941   1.24009   0.35597  
 18  0.0000   2473.915864  x:  0.15671   0.13971   0.30491   0.41257   0.46509   5.61203   0.74273   2.48941   1.24009   0.35597  
Dataset  3


TREE # 1

  0  0.0000   2478.566845  x:  0.11784   0.15386   0.27118   0.39694   0.40823   5.61203   0.75817   1.15378   0.62426   0.35597  
  1 99.0000   2476.657184  x:  0.16873   0.14854   0.29373   0.41012   0.43633   5.61126   0.75310   1.15639   0.63074   0.36793  
  2 63.4869   2476.366208  x:  0.16072   0.13146   0.30535   0.41255   0.45620   5.61057   0.74687   1.16254   0.63855   0.36438  
  3 19.2304   2476.241976  x:  0.15453   0.14050   0.31191   0.41311   0.47050   5.60977   0.73889   1.17122   0.64871   0.35910  
  4 14.5836   2476.034752  x:  0.15736   0.14091   0.29447   0.41436   0.48198   5.60712   0.70962   1.20657   0.68690   0.34608  
  5 10.5530   2475.562272  x:  0.15492   0.13973   0.30294   0.41502   0.46327   5.59983   0.63222   1.31228   0.79180   0.35095  
  6 23.7192   2475.437628  x:  0.15986   0.13813   0.31082   0.40860   0.45672   5.59809   0.63296   1.36427   0.81094   0.33661  
  7  9.9636   2474.278509  x:  0.15857   0.13912   0.30319   0.39055   0.46800   5.57924   0.72893   2.01954   0.99726   0.37549  
  8 24.2197   2474.136444  x:  0.15559   0.14013   0.30345   0.41622   0.46409   5.57714   0.74136   2.09240   1.01719   0.37266  
  9 27.4237   2474.067071  x:  0.15574   0.13954   0.30554   0.41436   0.46148   5.57783   0.80713   2.14012   1.14724   0.36291  
 10  0.2942   2473.940322  x:  0.15655   0.13935   0.30501   0.41301   0.46492   5.51699   0.74830   2.32940   1.18972   0.35138  
 11  0.5322   2473.921216  x:  0.15680   0.13973   0.30469   0.41305   0.46599   5.64287   0.73067   2.42323   1.21194   0.35462  
 12  0.1455   2473.916228  x:  0.15668   0.13977   0.30483   0.41261   0.46474   5.60789   0.74537   2.47214   1.24306   0.35615  
 13  0.0669   2473.915945  x:  0.15669   0.13969   0.30491   0.41265   0.46523   5.60954   0.74328   2.48751   1.24440   0.35573  
 14  0.0107   2473.915867  x:  0.15674   0.13971   0.30491   0.41261   0.46514   5.61271   0.74306   2.48947   1.24073   0.35594  
 15  0.0025   2473.915864  x:  0.15672   0.13971   0.30491   0.41258   0.46510   5.61204   0.74272   2.48945   1.24008   0.35598  
 16  0.0011   2473.915864  x:  0.15671   0.13971   0.30491   0.41257   0.46510   5.61202   0.74273   2.48940   1.24009   0.35597  
 17  0.0001   2473.915864  x:  0.15671   0.13971   0.30491   0.41257   0.46509   5.61203   0.74273   2.48941   1.24009   0.35597  
 18  0.0000   2473.915864  x:  0.15671   0.13971   0.30491   0.41257   0.46509   5.61203   0.74273   2.48941   1.24009   0.35597  
 19  0.0000   2473.915864  x:  0.15671   0.13971   0.30491   0.41257   0.46509   5.61203   0.74273   2.48941   1.24009   0.35597  