

TREE # 1

  0  0.0000  13579.014163  x:  0.81015   0.15165   0.20001   0.00418   0.05975   0.06441   0.03415   0.04895   0.11653   0.00000   0.11312   0.08522   0.05522   0.02658   0.15753   0.21390   0.14363   0.10602   0.14881   0.09451   0.32642   0.40686   0.58178   0.50032   0.48177   0.59964   0.41935  
  1 99.0000  13113.600296  x:  0.83863   0.21509   0.23943   0.31959   0.00868   0.00299   0.00000   0.01354   0.09872   0.31372   0.16525   0.19876   0.07764   0.09102   0.20010   0.27242   0.22464   0.18947   0.19384   0.18320   0.37483   0.63991   0.56352   0.50172   0.51952   0.52198   0.42282  
  2 4581.4995  13093.555330  x:  0.83947   0.21696   0.24059   0.32889   0.00718   0.00119   0.00007   0.01250   0.09820   0.32297   0.16678   0.20211   0.07830   0.09292   0.20136   0.27414   0.22703   0.19193   0.19517   0.18581   0.37626   0.64678   0.56299   0.50176   0.52064   0.51969   0.42292  
  3 1134318.4358  13044.723918  x:  0.84799   0.23325   0.24933   0.39784   0.00533   0.06962   0.00021   0.01159   0.09088   0.39366   0.17922   0.22988   0.08234   0.10540   0.21216   0.28925   0.24836   0.21298   0.20693   0.20908   0.38959   0.71117   0.55742   0.50224   0.53180   0.49511   0.42416  
  4 12173.1398  12956.797324  x:  0.87090   0.25787   0.25200   0.42672   0.16809   0.08691   0.00020   0.09744   0.05710   0.44045   0.19033   0.26148   0.07364   0.09326   0.22634   0.31250   0.28488   0.24112   0.22506   0.24741   0.41611   0.84511   0.54175   0.50433   0.56039   0.41772   0.42915  
  5 2944.8384  12742.134756  x:  0.90627   0.27826   0.24087   0.36265   0.16543   0.08193   0.00019   0.06105   0.00000   0.41428   0.18806   0.27429   0.05278   0.04722   0.23282   0.33216   0.32136   0.25710   0.23745   0.28014   0.44418   1.00587   0.51773   0.50884   0.60113   0.28725   0.43920  
  6 1513.8392  12647.969426  x:  0.94721   0.30024   0.23743   0.28957   0.16581   0.07716   0.00017   0.02895   0.08407   0.38158   0.18551   0.28616   0.06480   0.03964   0.23866   0.35332   0.35958   0.27096   0.24795   0.30847   0.46904   1.16238   0.49263   0.51349   0.64415   0.18395   0.45183  
  7 2529.0040  12510.006900  x:  1.03761   0.34641   0.22970   0.14088   0.15137   0.06758   0.00015   0.00000   0.11820   0.32912   0.18966   0.31439   0.09567   0.08506   0.25202   0.39749   0.43646   0.29708   0.26819   0.35419   0.50811   1.43790   0.44529   0.51957   0.72878   0.27250   0.48101  
  8 1346.3585  12459.231066  x:  1.10168   0.37793   0.22391   0.03684   0.11025   0.05926   0.00014   0.02945   0.14290   0.29202   0.19184   0.33328   0.11506   0.11385   0.26044   0.42774   0.48958   0.31410   0.28110   0.38473   0.53444   1.63148   0.41225   0.52475   0.78802   0.32748   0.50186  
  9 13155.8758  12433.528749  x:  1.15382   0.36806   0.22066   0.06629   0.10391   0.05841   0.00014   0.03058   0.17220   0.25814   0.18129   0.32095   0.04736   0.08221   0.24143   0.42129   0.49055   0.28789   0.25143   0.35332   0.50970   1.72954   0.42077   0.56156   0.80560   0.36778   0.52191  
 10 326.5265  12413.615463  x:  1.22630   0.32942   0.22140   0.10016   0.10231   0.05842   0.00014   0.03224   0.16766   0.22467   0.16946   0.30020   0.09330   0.08509   0.21499   0.39707   0.46537   0.24346   0.20219   0.28572   0.45539   1.84594   0.46124   0.63838   0.81089   0.38211   0.55359  
 11 370.4724  12401.561116  x:  1.29231   0.26944   0.25014   0.07427   0.10034   0.05784   0.00014   0.03225   0.17040   0.23708   0.19478   0.29535   0.07301   0.10564   0.23820   0.37366   0.41606   0.26353   0.22901   0.24180   0.42193   1.90899   0.53495   0.73769   0.79475   0.38600   0.59287  
 12 198.7421  12397.636372  x:  1.32830   0.24598   0.25827   0.06990   0.09898   0.05757   0.00014   0.03239   0.17566   0.24173   0.18835   0.29479   0.08255   0.08041   0.23235   0.36634   0.39474   0.26546   0.22888   0.27336   0.45203   1.91621   0.57362   0.79718   0.79360   0.39679   0.62088  
 13 108.6999  12395.938696  x:  1.35084   0.25628   0.25273   0.07102   0.09920   0.05762   0.00014   0.03255   0.17189   0.23510   0.17931   0.29547   0.07229   0.10511   0.22668   0.37420   0.40176   0.26133   0.22122   0.28310   0.46650   1.90105   0.59070   0.84487   0.81396   0.38945   0.64466  
 14 55.3940  12393.189463  x:  1.38558   0.28895   0.24291   0.07298   0.09940   0.05759   0.00014   0.03241   0.17122   0.22730   0.18402   0.30683   0.07928   0.09069   0.23585   0.39799   0.42815   0.26871   0.22674   0.26886   0.46526   1.86283   0.60809   0.92990   0.87900   0.38596   0.68689  
 15 83.6374  12390.201273  x:  1.38778   0.27809   0.24411   0.05702   0.10118   0.05830   0.00014   0.03188   0.17101   0.25591   0.17674   0.29450   0.07696   0.08733   0.21737   0.37691   0.42130   0.26971   0.22724   0.26457   0.45794   1.83554   0.59896   0.99649   1.01568   0.38315   0.71361  
 16 46.1978  12388.011455  x:  1.37379   0.25587   0.24184   0.06757   0.10027   0.05815   0.00014   0.03217   0.17006   0.23544   0.18967   0.29619   0.07721   0.09252   0.24702   0.36927   0.40422   0.26083   0.22565   0.27585   0.46178   1.82549   0.60724   1.03238   1.11620   0.38225   0.71726  
 17 74.9982  12383.783177  x:  1.31488   0.24681   0.28101   0.08218   0.09659   0.05724   0.00014   0.03307   0.16786   0.18097   0.18268   0.29652   0.07905   0.09648   0.22586   0.39089   0.39725   0.27509   0.24667   0.28670   0.45626   1.82953   0.69900   1.07631   1.25776   0.38527   0.67900  
 18 56.5815  12379.407842  x:  1.25538   0.25951   0.28969   0.05793   0.09428   0.05671   0.00013   0.03295   0.17151   0.17665   0.18593   0.30605   0.07243   0.08887   0.23634   0.40201   0.40375   0.25563   0.21052   0.29026   0.45131   1.83947   0.80812   1.11374   1.36052   0.39002   0.62663  
 19 105.4735  12376.188210  x:  1.23320   0.27515   0.23927   0.05494   0.09233   0.05643   0.00013   0.03313   0.17600   0.16661   0.17800   0.28648   0.07298   0.08638   0.24435   0.37499   0.41236   0.26031   0.22358   0.28541   0.45975   1.85074   0.87044   1.12941   1.40381   0.39458   0.59183  
 20 66.7512  12368.965992  x:  1.29141   0.29270   0.24877   0.04782   0.08999   0.05610   0.00013   0.03281   0.17418   0.13029   0.24567   0.24610   0.07251   0.08553   0.22229   0.37384   0.40154   0.22873   0.23769   0.25273   0.51368   1.85465   0.87319   1.09822   1.40352   0.38968   0.57691  
 21 20.2559  12353.385987  x:  1.42066   0.29235   0.28634   0.03112   0.08572   0.05533   0.00013   0.03191   0.16935   0.05003   0.20231   0.28218   0.06905   0.08167   0.24007   0.36744   0.36716   0.23175   0.23257   0.18977   0.56711   1.85523   0.83275   1.02238   1.37146   0.38087   0.57650  
 22 97.0109  12349.871979  x:  1.44423   0.27215   0.28418   0.02684   0.08479   0.05526   0.00013   0.03168   0.16865   0.03851   0.18809   0.23957   0.06968   0.07955   0.25668   0.40753   0.37041   0.24435   0.22216   0.21090   0.53681   1.85703   0.81454   1.00899   1.35214   0.37958   0.58978  
 23 65.3059  12348.653513  x:  1.44121   0.25869   0.27859   0.02401   0.08412   0.05506   0.00013   0.03155   0.16894   0.02900   0.19768   0.25065   0.06864   0.07964   0.24740   0.40334   0.38840   0.23340   0.23002   0.23883   0.50296   1.85805   0.80389   1.01215   1.33570   0.37893   0.60474  
 24 39.1557  12348.359082  x:  1.43030   0.25943   0.28990   0.02459   0.08373   0.05498   0.00013   0.03161   0.16839   0.02624   0.19499   0.24384   0.06913   0.07910   0.25377   0.39372   0.40093   0.22893   0.23250   0.24090   0.50237   1.86112   0.79830   1.01837   1.32844   0.37958   0.61361  
 25 15.5275  12347.448832  x:  1.37504   0.24353   0.28624   0.02378   0.08230   0.05468   0.00013   0.03161   0.16935   0.02233   0.19777   0.24490   0.06905   0.07814   0.24941   0.39981   0.41390   0.23483   0.22798   0.22362   0.52204   1.87692   0.77220   1.04621   1.30371   0.38310   0.64513  
 26 15.7368  12346.539636  x:  1.35530   0.25525   0.28423   0.02154   0.08112   0.05449   0.00013   0.03156   0.16940   0.02706   0.18724   0.24563   0.06892   0.07695   0.25158   0.41241   0.39571   0.21343   0.24606   0.22220   0.52172   1.88755   0.75435   1.06273   1.29122   0.38422   0.65171  
 27 11.1742  12342.172505  x:  1.31429   0.33642   0.29148   0.02072   0.07428   0.05302   0.00013   0.03149   0.16637   0.01962   0.19641   0.24428   0.06990   0.07528   0.24836   0.40104   0.31874   0.23488   0.23604   0.24970   0.49460   1.92129   0.68245   1.12135   1.24693   0.38410   0.65543  
 28 32.4043  12309.128754  x:  1.41753   0.25502   0.30848   0.01250   0.03393   0.04530   0.00013   0.03031   0.13482   0.05605   0.19367   0.26004   0.07225   0.06566   0.23917   0.39596   0.43128   0.26812   0.22592   0.27582   0.46733   1.99431   0.45882   1.20345   1.11878   0.34270   0.56997  
 29 15.2704  12298.391569  x:  1.42933   0.27993   0.29363   0.01160   0.01994   0.04278   0.00012   0.02986   0.12249   0.07760   0.19714   0.26101   0.07298   0.06007   0.23649   0.38010   0.42006   0.27640   0.21688   0.27975   0.44306   2.03036   0.51845   1.04639   1.12380   0.32106   0.81228  
 30 46.9710  12287.871396  x:  1.48533   0.26495   0.27744   0.04532   0.01299   0.04075   0.00012   0.02912   0.10073   0.07011   0.18234   0.26916   0.07418   0.05579   0.22893   0.40735   0.42501   0.26304   0.22977   0.27799   0.43809   2.04571   0.50375   1.05436   1.16129   0.29539   0.79400  
 31  0.3649  12277.805599  x:  1.53603   0.25541   0.26707   0.05344   0.03370   0.04203   0.00012   0.02676   0.07753   0.07319   0.17683   0.27085   0.07264   0.05424   0.22794   0.40824   0.43823   0.25932   0.23017   0.26414   0.45276   2.01660   0.58914   1.03527   1.26343   0.26462   0.77593  
 32  0.4127  12272.287992  x:  1.55443   0.24661   0.27089   0.04895   0.02874   0.03862   0.00011   0.02702   0.07076   0.06471   0.17761   0.26685   0.06657   0.05149   0.23572   0.40489   0.45448   0.25516   0.23224   0.24977   0.49444   2.09582   0.69550   1.17899   1.42989   0.27185   0.61503  
 33  0.4522  12267.051800  x:  1.52933   0.25680   0.25948   0.04735   0.03245   0.03344   0.00010   0.02681   0.06640   0.06823   0.19003   0.25629   0.05581   0.05352   0.24302   0.38886   0.44080   0.24683   0.22894   0.25306   0.49418   2.30981   0.68900   1.20442   1.46427   0.29639   0.72380  
 34  0.1544  12265.647479  x:  1.54387   0.25913   0.26506   0.04485   0.03206   0.03104   0.00010   0.02622   0.05660   0.06500   0.18536   0.26243   0.06435   0.05570   0.24171   0.39814   0.44405   0.25149   0.23211   0.25950   0.48772   2.37461   0.68075   1.24088   1.51735   0.28939   0.72276  
 35  0.1000  12264.976968  x:  1.55332   0.25592   0.26646   0.04410   0.03315   0.03021   0.00010   0.02600   0.06301   0.06389   0.18148   0.26833   0.06775   0.04841   0.23790   0.40626   0.45178   0.25647   0.23301   0.26616   0.47790   2.41556   0.67757   1.28604   1.56347   0.29177   0.71294  
 36  0.0879  12264.569149  x:  1.56523   0.25412   0.26779   0.04339   0.03342   0.02980   0.00010   0.02585   0.06718   0.06348   0.18183   0.27055   0.06365   0.05572   0.23660   0.40938   0.45858   0.25943   0.23323   0.26766   0.47847   2.44530   0.67545   1.32543   1.61645   0.28816   0.70336  
 37  0.0835  12264.300839  x:  1.58097   0.25622   0.26869   0.04312   0.03354   0.03007   0.00011   0.02550   0.06704   0.06463   0.18613   0.26720   0.06253   0.05248   0.23886   0.40503   0.46076   0.25794   0.23194   0.26185   0.48753   2.46415   0.67550   1.35095   1.67402   0.28208   0.70878  
 38  0.0510  12263.969911  x:  1.57834   0.25759   0.26697   0.04420   0.03359   0.03200   0.00013   0.02612   0.06877   0.06672   0.18440   0.26279   0.06698   0.05234   0.24138   0.39948   0.45960   0.25184   0.23244   0.26240   0.48664   2.48823   0.70239   1.39469   1.77782   0.28526   0.71730  
 39  0.0370  12263.571145  x:  1.57646   0.25768   0.27008   0.04412   0.03188   0.03427   0.00015   0.02666   0.06551   0.06545   0.18004   0.27020   0.06252   0.05294   0.23805   0.40837   0.45675   0.25462   0.23534   0.26503   0.47967   2.49917   0.72461   1.41913   1.88250   0.28428   0.72024  
 40  0.0414  12263.137072  x:  1.56610   0.25951   0.26423   0.04402   0.02970   0.03604   0.00019   0.02717   0.06463   0.06372   0.19310   0.26846   0.06486   0.05377   0.23854   0.40884   0.45986   0.26266   0.23189   0.26385   0.48838   2.49436   0.71568   1.39167   1.90744   0.28508   0.71381  
 41  0.0125  12261.695278  x:  1.57964   0.25742   0.26913   0.04359   0.02753   0.03562   0.00029   0.02702   0.06604   0.05938   0.17399   0.26643   0.06313   0.05163   0.24475   0.39417   0.47498   0.26234   0.22454   0.26623   0.48835   2.49176   0.66603   1.29836   1.83177   0.28682   0.67597  
 42  0.0221  12254.795741  x:  1.57038   0.22497   0.27508   0.04531   0.02191   0.01945   0.00080   0.02472   0.06843   0.07707   0.19606   0.25734   0.05951   0.05090   0.23595   0.41414   0.52134   0.23333   0.25098   0.30682   0.43663   2.50734   0.68338   1.24599   1.61676   0.28648   0.60690  
 43  0.0319  12248.245537  x:  1.60138   0.26368   0.26142   0.04581   0.01656   0.01175   0.00125   0.02416   0.06855   0.07872   0.18025   0.27593   0.06532   0.05410   0.23760   0.41774   0.47278   0.24583   0.24519   0.25815   0.50488   2.50537   0.68195   1.24236   1.59906   0.28579   0.74006  
 44  0.0942  12245.309722  x:  1.58691   0.27235   0.25927   0.04851   0.01956   0.01985   0.00151   0.02528   0.06717   0.07066   0.17859   0.27355   0.06627   0.05424   0.23804   0.40584   0.43890   0.26203   0.22670   0.24640   0.50365   2.45353   0.70985   1.34350   1.83256   0.28485   0.76449  
 45  0.1907  12240.276216  x:  1.55292   0.25160   0.27055   0.04875   0.01997   0.01094   0.00256   0.02387   0.06690   0.05908   0.18742   0.25807   0.06296   0.05175   0.23853   0.39148   0.44167   0.26751   0.21815   0.27233   0.45728   2.40898   0.70660   1.42398   1.86413   0.28720   0.70513  
 46  0.0610  12236.481161  x:  1.52123   0.25563   0.27269   0.04463   0.01686   0.01562   0.00387   0.02469   0.06818   0.05308   0.18449   0.26864   0.06318   0.05396   0.23823   0.41303   0.45957   0.24877   0.25075   0.25799   0.49699   2.35402   0.73002   1.40659   2.03871   0.28644   0.68266  
 47  0.0702  12232.706071  x:  1.54900   0.26165   0.25920   0.04293   0.02717   0.01079   0.00592   0.02267   0.06951   0.07119   0.17837   0.27243   0.06529   0.05360   0.23554   0.40905   0.47274   0.24526   0.23718   0.25849   0.49439   2.41062   0.71856   1.39520   2.04264   0.28402   0.72250  
 48  0.0321  12229.522422  x:  1.56898   0.25510   0.26367   0.04120   0.02056   0.01488   0.00854   0.02336   0.06480   0.07407   0.18672   0.26226   0.06273   0.05292   0.23962   0.39530   0.45971   0.26453   0.21620   0.27177   0.46434   2.39613   0.74448   1.32169   2.09062   0.28302   0.68926  
 49  0.0443  12226.249468  x:  1.58591   0.26356   0.26779   0.04439   0.01908   0.01202   0.01305   0.02278   0.07233   0.06318   0.18158   0.26872   0.06443   0.05405   0.23957   0.41518   0.43710   0.25196   0.25133   0.25282   0.49583   2.42724   0.74361   1.33181   1.96112   0.28448   0.67829  
 50  0.0469  12224.261499  x:  1.55465   0.26153   0.26441   0.04738   0.02234   0.01470   0.01719   0.02269   0.06867   0.06654   0.18307   0.26934   0.06465   0.05277   0.23610   0.40321   0.45965   0.25569   0.23003   0.26799   0.48218   2.44234   0.70060   1.33546   1.73460   0.28515   0.72492  
 51  0.1058  12223.961907  x:  1.56478   0.25547   0.26753   0.04546   0.01959   0.01411   0.01889   0.02299   0.06755   0.06375   0.18401   0.26728   0.06371   0.05300   0.23829   0.40471   0.45931   0.25746   0.23060   0.26454   0.48327   2.45987   0.68704   1.32934   1.67015   0.28720   0.71193  
 52  0.0527  12223.912957  x:  1.57113   0.25573   0.26733   0.04440   0.02038   0.01449   0.01960   0.02334   0.06831   0.06395   0.18356   0.26768   0.06395   0.05324   0.23844   0.40622   0.45685   0.25615   0.23411   0.26258   0.48528   2.46548   0.68606   1.34496   1.68962   0.28753   0.71152  
 53  0.0158  12223.891682  x:  1.56923   0.25677   0.26578   0.04420   0.02007   0.01427   0.02021   0.02375   0.06832   0.06546   0.18354   0.26796   0.06391   0.05313   0.23778   0.40503   0.45774   0.25636   0.23239   0.26430   0.48391   2.45750   0.68701   1.34619   1.69593   0.28708   0.71107  
 54  0.0051  12223.886913  x:  1.56791   0.25634   0.26674   0.04451   0.02020   0.01415   0.02031   0.02395   0.06826   0.06488   0.18358   0.26764   0.06389   0.05308   0.23812   0.40535   0.45717   0.25619   0.23267   0.26357   0.48424   2.45350   0.68814   1.34116   1.70166   0.28701   0.71101  
 55  0.0052  12223.886445  x:  1.56793   0.25645   0.26644   0.04459   0.02018   0.01415   0.02033   0.02401   0.06822   0.06470   0.18353   0.26767   0.06389   0.05311   0.23810   0.40541   0.45761   0.25632   0.23272   0.26361   0.48421   2.45516   0.68872   1.34098   1.70304   0.28692   0.71080  
 56  0.0015  12223.886308  x:  1.56809   0.25638   0.26663   0.04458   0.02019   0.01416   0.02033   0.02407   0.06824   0.06471   0.18360   0.26772   0.06390   0.05310   0.23807   0.40533   0.45764   0.25634   0.23264   0.26367   0.48424   2.45558   0.68856   1.34055   1.70109   0.28691   0.71107  
 57  0.0009  12223.886242  x:  1.56820   0.25642   0.26653   0.04455   0.02018   0.01416   0.02030   0.02411   0.06827   0.06474   0.18357   0.26768   0.06389   0.05309   0.23810   0.40538   0.45750   0.25632   0.23269   0.26365   0.48421   2.45539   0.68849   1.34066   1.70120   0.28690   0.71100  
 58  0.0002  12223.886239  x:  1.56810   0.25641   0.26654   0.04455   0.02018   0.01416   0.02029   0.02411   0.06826   0.06473   0.18357   0.26769   0.06389   0.05310   0.23809   0.40537   0.45755   0.25632   0.23268   0.26365   0.48422   2.45536   0.68843   1.34074   1.70113   0.28690   0.71097  
 59  0.0001  12223.886238  x:  1.56811   0.25641   0.26654   0.04455   0.02018   0.01416   0.02029   0.02411   0.06825   0.06473   0.18357   0.26769   0.06389   0.05310   0.23809   0.40537   0.45755   0.25632   0.23268   0.26365   0.48422   2.45538   0.68843   1.34079   1.70117   0.28690   0.71098  
 60  0.0000  12223.886238  x:  1.56811   0.25641   0.26654   0.04455   0.02018   0.01416   0.02029   0.02411   0.06825   0.06473   0.18357   0.26769   0.06389   0.05310   0.23809   0.40537   0.45755   0.25632   0.23268   0.26365   0.48422   2.45538   0.68843   1.34079   1.70116   0.28690   0.71098  
 61  0.0000  12223.886238  x:  1.56811   0.25641   0.26654   0.04455   0.02018   0.01416   0.02029   0.02411   0.06825   0.06473   0.18357   0.26769   0.06389   0.05310   0.23809   0.40537   0.45755   0.25632   0.23268   0.26365   0.48422   2.45538   0.68843   1.34079   1.70116   0.28690   0.71097  