

TREE # 1

  0  0.0000  15051.363305  x:  0.05428   0.03069   0.02990   0.01108   0.01669   0.02459   0.06191   0.01521   0.04722   0.06745   0.03024   0.06600   0.09837   0.04038   0.09590   0.02354   0.06993   0.02533   0.06938   0.01469   0.04543   1.00000   0.74654   0.81197   1.05507   1.00419   0.09320   0.22820  
  1 99.0000  12479.009299  x:  0.47709   0.24226   0.19683   0.08412   0.01019   0.00000   0.02942   0.02700   0.05725   0.10567   0.17170   0.13484   0.08225   0.03659   0.13442   0.35088   0.19784   0.21626   0.14606   0.48858   0.33982   1.02165   0.74427   0.81227   1.05652   1.01425   0.08366   0.14854  
  2 16783.9806  12387.368430  x:  0.61561   0.31154   0.25147   0.10791   0.00851   0.03865   0.01879   0.03082   0.06049   0.11814   0.21798   0.15751   0.07692   0.03538   0.14715   0.45798   0.23981   0.27876   0.17123   0.64359   0.43618   1.02888   0.74351   0.81237   1.05700   1.01756   0.08052   0.12230  
  3 638679.1352  12341.106377  x:  0.66395   0.31913   0.24405   0.06125   0.09015   0.03817   0.01683   0.01044   0.04122   0.09613   0.20230   0.19765   0.06392   0.05489   0.18471   0.44404   0.26486   0.27461   0.18572   0.62076   0.43861   1.08082   0.73664   0.81338   1.05933   1.01670   0.08179   0.12942  
  4 959.1151  12295.447515  x:  0.73346   0.32781   0.23420   0.01650   0.08658   0.03805   0.02089   0.06064   0.04315   0.06551   0.17912   0.24185   0.04999   0.06077   0.22539   0.42059   0.29971   0.26632   0.20442   0.57926   0.43883   1.16101   0.72566   0.81514   1.06306   1.01497   0.08415   0.13599  
  5 1209.7784  12198.260240  x:  0.90083   0.34425   0.21337   0.04868   0.04517   0.03791   0.00584   0.04503   0.09684   0.00000   0.12518   0.33396   0.03570   0.06896   0.30858   0.35963   0.38086   0.24252   0.24507   0.46363   0.43375   1.36377   0.69717   0.82029   1.07260   1.00998   0.09076   0.14523  
  6 1887.2476  12198.260240  x:  0.90083   0.34425   0.21337   0.04868   0.04517   0.03791   0.00584   0.04503   0.09684   0.00000   0.12518   0.33396   0.03570   0.06896   0.30858   0.35963   0.38086   0.24252   0.24507   0.46363   0.43375   1.36377   0.69717   0.82029   1.07260   1.00998   0.09076   0.14523  
  7 4441.0263  12175.916874  x:  0.90697   0.34440   0.21931   0.04497   0.03042   0.02225   0.05623   0.03308   0.08880   0.01809   0.12991   0.33013   0.04433   0.06645   0.30463   0.36201   0.38201   0.24248   0.24395   0.45959   0.43420   1.37111   0.69581   0.82094   1.07296   1.00956   0.09122   0.14008  
  8 1581.6625  12160.427570  x:  0.91500   0.34430   0.22501   0.04188   0.01573   0.00687   0.05040   0.02184   0.07997   0.03137   0.13471   0.32510   0.05109   0.06252   0.29934   0.36453   0.38334   0.24242   0.24258   0.45436   0.43486   1.38059   0.69406   0.82175   1.07343   1.00882   0.09201   0.13616  
  9 847.6658  12152.058951  x:  0.92583   0.34398   0.23172   0.03898   0.00817   0.01575   0.04659   0.01471   0.06945   0.04672   0.14049   0.31821   0.05837   0.05716   0.29206   0.36757   0.38498   0.24224   0.24068   0.44721   0.43567   1.39348   0.69168   0.82286   1.07406   1.00781   0.09308   0.13136  
 10 1000.0150  12133.399891  x:  0.96003   0.34267   0.25088   0.03318   0.02512   0.01874   0.03808   0.01492   0.04052   0.09045   0.15726   0.29643   0.07798   0.04081   0.26903   0.37644   0.38990   0.24155   0.23464   0.42452   0.43820   1.43421   0.68416   0.82638   1.07604   1.00446   0.09660   0.11894  
 11 1760.7788  12116.590116  x:  1.01202   0.33885   0.26785   0.05698   0.01521   0.01983   0.03301   0.04505   0.04608   0.13031   0.17346   0.26481   0.08815   0.02700   0.23515   0.38516   0.39600   0.24012   0.22582   0.38963   0.44192   1.49636   0.67278   0.83185   1.07899   0.99763   0.10359   0.12498  
 12 919.5851  12094.208376  x:  1.09328   0.33048   0.27547   0.07199   0.02845   0.02171   0.03043   0.02192   0.07242   0.15434   0.18511   0.22543   0.08214   0.05059   0.19218   0.39199   0.40406   0.23950   0.21532   0.33619   0.44917   1.59366   0.65522   0.84074   1.08356   0.98516   0.11616   0.14649  
 13 863.6235  12061.539539  x:  1.22777   0.31259   0.25875   0.03504   0.01998   0.01920   0.03487   0.03163   0.07138   0.13258   0.18423   0.19779   0.03236   0.06102   0.16340   0.39332   0.41526   0.24479   0.20875   0.25490   0.46778   1.75568   0.62702   0.85707   1.09071   0.96496   0.13638   0.12444  
 14 738.6341  12029.973005  x:  1.40855   0.28349   0.22123   0.02698   0.01604   0.01729   0.04020   0.03379   0.07470   0.07021   0.17076   0.20494   0.08036   0.06083   0.17338   0.38659   0.42678   0.25135   0.20378   0.15681   0.49958   1.97532   0.59120   0.88229   1.09876   0.93614   0.16474   0.09238  
 15 1099.7936  12015.272520  x:  1.48925   0.26910   0.21007   0.04148   0.01883   0.01654   0.04408   0.02201   0.05984   0.04876   0.16516   0.22160   0.07711   0.03163   0.19424   0.38186   0.43103   0.25264   0.20235   0.12696   0.51978   2.07353   0.57789   0.89596   1.10087   0.92016   0.18008   0.10780  
 16 1079.5319  12001.435477  x:  1.59397   0.24932   0.22609   0.06451   0.01807   0.01735   0.04267   0.02734   0.04277   0.06214   0.16512   0.26950   0.06296   0.06255   0.25069   0.37589   0.43686   0.25190   0.20585   0.14127   0.56691   2.20099   0.57020   0.92167   1.09890   0.89653   0.20166   0.10743  
 17 485.1467  11993.817355  x:  1.65460   0.24008   0.24440   0.04826   0.02152   0.01836   0.04085   0.02464   0.07511   0.07511   0.16295   0.29455   0.06032   0.04929   0.27742   0.37509   0.44330   0.25337   0.21442   0.17452   0.60018   2.27388   0.57253   0.94183   1.09477   0.87779   0.21827   0.10237  
 18 446.5667  11991.844815  x:  1.67003   0.23882   0.24829   0.03696   0.02016   0.01862   0.04094   0.02849   0.07584   0.07439   0.16034   0.29746   0.06526   0.05017   0.27850   0.37563   0.44635   0.25433   0.21859   0.18857   0.60817   2.29194   0.57580   0.94929   1.09251   0.86942   0.22563   0.11388  
 19 301.4461  11987.850659  x:  1.70476   0.24297   0.25397   0.04656   0.01989   0.01805   0.04332   0.02616   0.06638   0.05393   0.14996   0.28904   0.06894   0.04865   0.25589   0.38383   0.46184   0.26155   0.23896   0.24301   0.62157   2.33072   0.59597   0.97846   1.08157   0.83681   0.25378   0.10708  
 20 161.0814  11983.934830  x:  1.73336   0.25700   0.24603   0.04608   0.01997   0.01821   0.04409   0.02655   0.06854   0.04336   0.18569   0.29917   0.06843   0.05027   0.26487   0.41108   0.49286   0.25168   0.23529   0.26930   0.56883   2.36135   0.64172   1.04788   1.05592   0.75301   0.32648   0.09976  
 21 75.1431  11982.245664  x:  1.74025   0.25526   0.25116   0.04653   0.02037   0.01855   0.04295   0.02706   0.06970   0.05483   0.15782   0.30244   0.06761   0.05122   0.27162   0.40715   0.50047   0.26159   0.23888   0.26665   0.53910   2.37006   0.65872   1.08804   1.04587   0.70423   0.36843   0.09466  
 22 87.1845  11981.604462  x:  1.73392   0.23635   0.25616   0.04642   0.02028   0.01844   0.04313   0.02688   0.06935   0.05235   0.16400   0.29724   0.06823   0.05093   0.27020   0.39313   0.48738   0.26416   0.23059   0.26340   0.55093   2.36724   0.65252   1.12160   1.04871   0.67379   0.39257   0.09065  
 23 28.5119  11981.184043  x:  1.72398   0.23601   0.25198   0.04659   0.02047   0.01864   0.04277   0.02724   0.07029   0.05532   0.16747   0.30047   0.06810   0.05159   0.26940   0.40453   0.48962   0.27190   0.24294   0.25043   0.57357   2.36296   0.63951   1.16220   1.05716   0.65503   0.40333   0.09059  
 24 23.3159  11980.944405  x:  1.71841   0.24321   0.25508   0.04645   0.02043   0.01860   0.04281   0.02723   0.07024   0.05407   0.16170   0.30105   0.06808   0.05163   0.26897   0.40975   0.49660   0.26284   0.23725   0.24377   0.58804   2.36123   0.63235   1.19132   1.06477   0.64675   0.40487   0.08987  
 25 29.9678  11980.740713  x:  1.71572   0.25163   0.26173   0.04632   0.02039   0.01852   0.04293   0.02714   0.07020   0.05090   0.16501   0.29742   0.06818   0.05163   0.27171   0.39868   0.50296   0.26673   0.23816   0.23999   0.58917   2.36418   0.63362   1.22658   1.07722   0.64762   0.39250   0.09078  
 26 13.5982  11980.162930  x:  1.71102   0.24331   0.24791   0.04592   0.02027   0.01826   0.04210   0.02674   0.06957   0.05728   0.16123   0.29936   0.06787   0.05075   0.26444   0.39465   0.49163   0.26714   0.22929   0.24560   0.57668   2.38099   0.64909   1.33355   1.12718   0.65569   0.34091   0.09272  
 27 23.5951  11979.980870  x:  1.70883   0.23665   0.25708   0.04577   0.02016   0.01810   0.04231   0.02654   0.06931   0.05283   0.15999   0.29615   0.06783   0.05081   0.26690   0.40180   0.48486   0.26173   0.23499   0.24550   0.56884   2.38737   0.65310   1.35887   1.15025   0.65376   0.32599   0.09336  
 28 22.8132  11979.389017  x:  1.69949   0.24197   0.24898   0.04614   0.02025   0.01799   0.04128   0.02636   0.06907   0.05818   0.16140   0.29066   0.06803   0.05060   0.27013   0.39479   0.48923   0.25149   0.24373   0.25598   0.55706   2.41303   0.66247   1.38578   1.26978   0.60895   0.29338   0.09277  
 29 11.8349  11978.941242  x:  1.69482   0.24637   0.25843   0.04618   0.02024   0.01786   0.04108   0.02628   0.06911   0.05455   0.16272   0.30253   0.06789   0.05075   0.26274   0.40082   0.49169   0.26768   0.23087   0.25526   0.55665   2.42916   0.68417   1.39860   1.35000   0.57417   0.26742   0.09308  
 30 39.2655  11978.437028  x:  1.70147   0.24680   0.25578   0.04641   0.02029   0.01774   0.04032   0.02615   0.06909   0.05685   0.16152   0.28855   0.06822   0.05091   0.27352   0.40635   0.49091   0.27274   0.22606   0.24117   0.57978   2.43657   0.74132   1.40672   1.40768   0.53350   0.23266   0.09287  
 31 20.0661  11978.051579  x:  1.71322   0.24566   0.25825   0.04631   0.02033   0.01765   0.03965   0.02612   0.06925   0.05895   0.16349   0.29951   0.06802   0.05083   0.26348   0.39823   0.48996   0.26096   0.23654   0.22578   0.59392   2.43684   0.77885   1.41110   1.43703   0.50141   0.20437   0.09253  
 32 30.3074  11973.054368  x:  2.05577   0.24086   0.26857   0.04812   0.02048   0.01574   0.03182   0.02403   0.06748   0.06849   0.16958   0.29475   0.06922   0.05009   0.26191   0.41059   0.49593   0.27218   0.23267   0.20774   0.61660   2.33379   0.74650   1.43422   1.48344   0.02756  -0.26107   0.09186  
 33 11.1142  11963.989077  x:  2.07952   0.18597   0.28251   0.04893   0.02003   0.01159   0.01782   0.01946   0.06271   0.08475   0.17961   0.27788   0.07019   0.04808   0.24539   0.41615   0.56662   0.26875   0.23009   0.18015   0.64992   2.62840   0.66058   1.40679   1.27005  -0.76114  -1.06798   0.09102  
 34 33.8718  11963.734287  x:  2.08005   0.22719   0.28215   0.04878   0.02002   0.01150   0.01741   0.01939   0.06274   0.08526   0.17969   0.27777   0.07011   0.04812   0.24500   0.41673   0.52052   0.26796   0.23179   0.17913   0.65127   2.64487   0.65717   1.40625   1.26036  -0.78795  -1.08748   0.09054  
 35  8.0246  11960.722744  x:  2.14990   0.21729   0.27512   0.04385   0.01899   0.01389   0.02076   0.02482   0.06742   0.06826   0.17500   0.27849   0.06590   0.05257   0.24457   0.41667   0.53617   0.27121   0.23316   0.12513   0.68248   2.77344   0.63214   1.39212   1.18891  -1.04811  -1.32122   0.08533  
 36  0.3632  11960.320184  x:  2.21611   0.20832   0.27094   0.04431   0.01970   0.01436   0.02046   0.02414   0.06749   0.06360   0.17606   0.27566   0.06555   0.05224   0.24065   0.41584   0.54638   0.27092   0.23007   0.13852   0.67237   2.82793   0.63061   1.40646   1.21218  -1.14212  -1.41096   0.08489  
 37  0.1410  11960.255146  x:  2.24480   0.20686   0.27125   0.04474   0.02000   0.01425   0.01971   0.02380   0.06752   0.06411   0.17693   0.27488   0.06537   0.05183   0.24032   0.41614   0.54865   0.27045   0.23000   0.12876   0.68048   2.84170   0.63639   1.41375   1.22428  -1.26676  -1.54429   0.08517  
 38  0.2311  11960.231881  x:  2.25963   0.20913   0.27256   0.04523   0.02017   0.01409   0.02031   0.02397   0.06733   0.06498   0.17735   0.27520   0.06553   0.05115   0.24175   0.41690   0.54733   0.27018   0.23103   0.12672   0.68415   2.84479   0.63251   1.41306   1.21656  -1.42045  -1.69893   0.08510  
 39  0.1251  11960.218079  x:  2.26816   0.20729   0.27198   0.04489   0.02018   0.01399   0.02028   0.02402   0.06732   0.06626   0.17670   0.27635   0.06596   0.05156   0.24127   0.41660   0.54867   0.27099   0.23069   0.12315   0.68708   2.84470   0.63610   1.41570   1.22358  -1.60278  -1.87354   0.08457  
 40  0.1057  11960.207401  x:  2.26439   0.20731   0.27151   0.04469   0.02014   0.01412   0.02040   0.02377   0.06726   0.06578   0.17714   0.27517   0.06593   0.05183   0.24131   0.41662   0.54915   0.27074   0.23025   0.11982   0.69024   2.84186   0.63326   1.41245   1.21918  -1.83004  -2.10775   0.08514  
 41  0.1146  11960.201664  x:  2.26228   0.20811   0.27168   0.04484   0.01999   0.01414   0.02019   0.02391   0.06726   0.06553   0.17718   0.27539   0.06570   0.05138   0.24133   0.41657   0.54811   0.27044   0.23062   0.11837   0.69109   2.83968   0.63625   1.41149   1.22178  -2.01082  -2.28887   0.08478  
 42  0.1336  11960.200282  x:  2.26492   0.20808   0.27182   0.04496   0.02004   0.01412   0.02021   0.02390   0.06732   0.06542   0.17703   0.27562   0.06573   0.05147   0.24127   0.41657   0.54794   0.27064   0.23052   0.11668   0.69255   2.83959   0.63538   1.41086   1.22136  -2.10937  -2.38649   0.08492  
 43  0.1051  11960.200014  x:  2.26488   0.20797   0.27178   0.04496   0.02007   0.01410   0.02022   0.02390   0.06735   0.06533   0.17701   0.27555   0.06575   0.05150   0.24130   0.41655   0.54807   0.27065   0.23049   0.11677   0.69261   2.83920   0.63532   1.41075   1.22079  -2.15058  -2.42775   0.08495  
 44  0.0454  11960.199934  x:  2.26532   0.20795   0.27176   0.04493   0.02009   0.01409   0.02021   0.02391   0.06735   0.06532   0.17703   0.27552   0.06573   0.05149   0.24131   0.41656   0.54816   0.27064   0.23050   0.11627   0.69311   2.83916   0.63546   1.41076   1.22080  -2.18550  -2.46297   0.08491  
 45  0.0483  11960.199927  x:  2.26527   0.20799   0.27177   0.04493   0.02009   0.01410   0.02021   0.02391   0.06734   0.06535   0.17705   0.27554   0.06573   0.05149   0.24129   0.41657   0.54812   0.27064   0.23050   0.11625   0.69311   2.83920   0.63546   1.41078   1.22095  -2.19176  -2.46922   0.08491  
 46  0.0071  11960.199927  x:  2.26527   0.20799   0.27177   0.04493   0.02009   0.01410   0.02021   0.02391   0.06734   0.06535   0.17704   0.27554   0.06573   0.05149   0.24129   0.41657   0.54811   0.27064   0.23050   0.11624   0.69311   2.83925   0.63548   1.41080   1.22098  -2.19277  -2.47022   0.08491  
 47  0.0014  11960.199927  x:  2.26528   0.20799   0.27177   0.04493   0.02009   0.01410   0.02021   0.02391   0.06734   0.06535   0.17704   0.27553   0.06573   0.05149   0.24130   0.41657   0.54812   0.27064   0.23050   0.11623   0.69311   2.83926   0.63546   1.41080   1.22097  -2.19310  -2.47055   0.08491  
 48  0.0003  11960.199927  x:  2.26529   0.20799   0.27177   0.04493   0.02009   0.01410   0.02021   0.02391   0.06734   0.06535   0.17704   0.27554   0.06573   0.05149   0.24130   0.41657   0.54812   0.27064   0.23050   0.11623   0.69311   2.83926   0.63547   1.41081   1.22098  -2.19325  -2.47071   0.08491  
 49  0.0002  11960.199927  x:  2.26529   0.20799   0.27177   0.04493   0.02009   0.01410   0.02021   0.02391   0.06734   0.06535   0.17704   0.27554   0.06573   0.05149   0.24130   0.41657   0.54812   0.27064   0.23050   0.11623   0.69311   2.83926   0.63547   1.41081   1.22097  -2.19328  -2.47074   0.08491  
 50  0.0000  11960.199927  x:  2.26529   0.20799   0.27177   0.04493   0.02009   0.01410   0.02021   0.02391   0.06734   0.06535   0.17704   0.27554   0.06573   0.05149   0.24130   0.41657   0.54812   0.27064   0.23050   0.11623   0.69311   2.83926   0.63547   1.41081   1.22097  -2.19328  -2.47074   0.08491  
 51  0.0000  11960.199927  x:  2.26529   0.20799   0.27177   0.04493   0.02009   0.01410   0.02021   0.02391   0.06734   0.06535   0.17704   0.27554   0.06573   0.05149   0.24130   0.41657   0.54812   0.27064   0.23050   0.11623   0.69311   2.83926   0.63547   1.41081   1.22097  -2.19328  -2.47074   0.08491  