

TREE # 1

  0  0.0000  12625.488789  x:  0.39940   0.15165   0.20001   0.00418   0.05975   0.06441   0.03415   0.04895   0.11653   0.00000   0.11312   0.08522   0.05522   0.02658   0.15753   0.21390   0.14363   0.10602   0.14881   0.43880   0.12569   0.29731   1.00000   0.77093   0.86001   1.13172   1.45445   0.10032   0.24088   2.49821  
  1 99.0000  12418.919195  x:  0.41769   0.19178   0.22255   0.14341   0.01468   0.01127   0.00000   0.01503   0.09707   0.12532   0.14409   0.15946   0.06347   0.06166   0.18161   0.24854   0.19543   0.15780   0.17514   0.45357   0.16243   0.32720   1.03751   0.76718   0.86074   1.13269   1.45892   0.09706   0.15662   2.49776  
  2 2943.8092  12394.644649  x:  0.42000   0.19684   0.22539   0.16093   0.00902   0.00460   0.00048   0.01077   0.09462   0.14109   0.14799   0.16881   0.06451   0.06607   0.18464   0.25291   0.20196   0.16433   0.17846   0.45544   0.16706   0.33097   1.04224   0.76671   0.86083   1.13281   1.45948   0.09665   0.14600   2.49770  
  3 145425.9960  12362.044525  x:  0.43025   0.21132   0.22914   0.17208   0.02319   0.04357   0.00050   0.03233   0.07784   0.16113   0.15558   0.18995   0.06243   0.06553   0.19232   0.26553   0.22192   0.18178   0.18814   0.46394   0.18289   0.34519   1.06298   0.76450   0.86100   1.13347   1.46040   0.09627   0.11793   2.49748  
  4 1916.7320  12271.149011  x:  0.46806   0.24980   0.22855   0.11479   0.03048   0.02714   0.00043   0.02836   0.00875   0.15998   0.16574   0.23067   0.04581   0.03374   0.20822   0.29915   0.27820   0.22249   0.21189   0.49624   0.22959   0.39126   1.14017   0.75597   0.86117   1.13612   1.45739   0.10074   0.10283   2.49674  
  5 1151.0378  12179.552322  x:  0.54732   0.32008   0.23001   0.01975   0.01993   0.02794   0.00038   0.01848   0.08103   0.14842   0.17632   0.29747   0.06728   0.04253   0.23028   0.36162   0.38413   0.28835   0.24624   0.56433   0.31020   0.47612   1.30947   0.73607   0.86188   1.14198   1.44593   0.11500   0.13697   2.49519  
  6 1345.4677  12166.738464  x:  0.56621   0.32841   0.22762   0.03194   0.03118   0.01325   0.00039   0.03998   0.08642   0.13164   0.17381   0.29937   0.06706   0.04576   0.22936   0.37029   0.39978   0.29084   0.24555   0.58097   0.31871   0.48924   1.35280   0.72973   0.86219   1.14392   1.44027   0.12131   0.14997   2.49483  
  7 721.2910  12141.730392  x:  0.61148   0.33680   0.22083   0.07346   0.01021   0.02752   0.00042   0.03476   0.07636   0.07951   0.16336   0.28688   0.06100   0.05464   0.22069   0.38368   0.42441   0.27988   0.23248   0.62131   0.32395   0.51043   1.46153   0.71200   0.86334   1.14942   1.42270   0.14057   0.16659   2.49399  
  8 864.7711  12129.242484  x:  0.63670   0.33698   0.22080   0.08839   0.02708   0.02957   0.00038   0.01470   0.07653   0.05603   0.15883   0.27610   0.06231   0.06380   0.21574   0.38929   0.43352   0.26890   0.22183   0.64380   0.32007   0.51741   1.52537   0.70076   0.86455   1.15276   1.41154   0.15294   0.15490   2.49349  
  9 1169.0652  12113.942787  x:  0.67016   0.32823   0.23138   0.08382   0.01767   0.02184   0.00037   0.02152   0.08040   0.04293   0.15761   0.25575   0.06775   0.07412   0.21045   0.39309   0.43668   0.24665   0.20295   0.67368   0.30120   0.51694   1.61660   0.68318   0.86764   1.15757   1.39293   0.17368   0.11410   2.49276  
 10 813.2344  12083.945150  x:  0.74752   0.28895   0.28431   0.06991   0.02307   0.02598   0.00039   0.02331   0.07079   0.11347   0.17529   0.21794   0.05687   0.06833   0.20806   0.39234   0.42754   0.19617   0.16133   0.74252   0.22254   0.49012   1.84526   0.63566   0.88053   1.16885   1.33026   0.24243   0.12431   2.49083  
 11 660.6299  12070.227051  x:  0.77966   0.23781   0.27632   0.07328   0.02313   0.02676   0.00039   0.02283   0.07287   0.12619   0.16548   0.22613   0.07412   0.04380   0.21659   0.36115   0.39251   0.22756   0.21116   0.76995   0.16672   0.46451   1.96493   0.61145   0.89801   1.17149   1.28154   0.29752   0.11853   2.48945  
 12 317.5005  12066.921461  x:  0.78428   0.21653   0.26335   0.06704   0.02339   0.02643   0.00039   0.02445   0.06728   0.13218   0.16285   0.23784   0.06267   0.06924   0.21986   0.34571   0.37484   0.23311   0.21953   0.77260   0.16501   0.46573   1.99651   0.60766   0.91062   1.16919   1.25850   0.32468   0.11860   2.48872  
 13 202.7547  12064.638628  x:  0.78388   0.20254   0.25042   0.06739   0.02325   0.02615   0.00039   0.02417   0.07464   0.13776   0.16344   0.24638   0.04840   0.06202   0.21981   0.33531   0.36173   0.23025   0.21601   0.77009   0.17629   0.47391   2.01551   0.60840   0.92605   1.16470   1.23569   0.35253   0.11320   2.48789  
 14 174.8669  12062.041177  x:  0.78008   0.18939   0.23353   0.06717   0.02343   0.02661   0.00040   0.02480   0.07212   0.14629   0.16602   0.25457   0.06510   0.05564   0.21686   0.32452   0.34776   0.22305   0.20608   0.76271   0.19504   0.48604   2.03705   0.61251   0.95232   1.15608   1.19981   0.39710   0.11139   2.48644  
 15 247.5235  12055.379388  x:  0.75218   0.22106   0.22959   0.06681   0.02379   0.02671   0.00040   0.02569   0.07263   0.14752   0.17162   0.22663   0.06296   0.05867   0.19990   0.33046   0.36096   0.23567   0.21618   0.71843   0.20288   0.48130   2.07483   0.64166   1.05988   1.11623   1.07254   0.56263   0.09951   2.47992  
 16 120.0661  12053.534892  x:  0.74602   0.22908   0.24309   0.06880   0.02367   0.02669   0.00040   0.02557   0.07304   0.13274   0.17250   0.24273   0.06353   0.05820   0.22876   0.34116   0.36233   0.22796   0.21234   0.70313   0.19651   0.47504   2.08274   0.65044   1.09956   1.10234   1.03597   0.61639   0.09695   2.47660  
 17 129.7802  12053.070518  x:  0.75512   0.22136   0.26499   0.06974   0.02380   0.02680   0.00040   0.02529   0.07247   0.12786   0.16665   0.24608   0.06381   0.05853   0.22352   0.34894   0.35489   0.22883   0.21642   0.70036   0.20057   0.48198   2.07992   0.64854   1.12080   1.09868   1.03688   0.63160   0.09701   2.47278  
 18 27.8666  12052.024290  x:  0.81371   0.21139   0.26395   0.07039   0.02367   0.02669   0.00040   0.02510   0.07299   0.12242   0.18758   0.24004   0.06377   0.05921   0.22615   0.35052   0.35473   0.23544   0.21426   0.69721   0.19084   0.49241   2.06075   0.62803   1.20303   1.09461   1.07714   0.67211   0.09739   2.45301  
 19 22.7002  12051.190887  x:  0.85923   0.21347   0.25842   0.06880   0.02368   0.02653   0.00040   0.02545   0.07291   0.12738   0.16689   0.24350   0.06352   0.05800   0.22500   0.34089   0.36478   0.23095   0.21090   0.68916   0.18112   0.49568   2.04940   0.61443   1.26529   1.09538   1.11545   0.70585   0.09691   2.43558  
 20 74.5813  12050.016209  x:  0.89490   0.20700   0.24184   0.06708   0.02353   0.02632   0.00040   0.02592   0.07240   0.13092   0.15973   0.24187   0.06255   0.05762   0.22281   0.36477   0.36376   0.21269   0.22563   0.62858   0.18426   0.48399   2.07433   0.62783   1.32127   1.12272   1.20518   0.76148   0.09899   2.40210  
 21 24.2376  12047.133828  x:  0.97029   0.20702   0.25318   0.06578   0.02312   0.02578   0.00040   0.02601   0.07053   0.11978   0.16042   0.23524   0.06202   0.05600   0.22693   0.34019   0.36462   0.22830   0.20999   0.46419   0.20250   0.46061   2.14806   0.66848   1.43060   1.20841   1.43156   0.90756   0.10407   2.31726  
 22 109.7166  12046.325223  x:  0.99750   0.21479   0.25460   0.06437   0.02305   0.02544   0.00040   0.02633   0.07066   0.11196   0.17047   0.25344   0.06154   0.05527   0.20867   0.33715   0.36454   0.22417   0.20876   0.43211   0.19139   0.46310   2.15181   0.67263   1.43194   1.24861   1.48126   0.96764   0.10405   2.29360  
 23 42.4052  12042.682176  x:  1.14386   0.23808   0.25839   0.06148   0.02319   0.02465   0.00041   0.02749   0.07105   0.10304   0.16744   0.23539   0.06240   0.05498   0.22945   0.34289   0.34618   0.21963   0.22048   0.32227   0.17103   0.52170   2.13595   0.68948   1.38094   1.45727   1.68945   1.28182   0.10268   2.18396  
 24 93.4764  12041.581302  x:  1.19446   0.22778   0.25407   0.05974   0.02316   0.02425   0.00041   0.02809   0.07125   0.10001   0.16017   0.23691   0.06210   0.05441   0.22784   0.35939   0.34628   0.23757   0.20283   0.31792   0.17763   0.50208   2.12634   0.71969   1.35790   1.49669   1.74576   1.37290   0.10163   2.15471  
 25 58.5418  12040.679818  x:  1.23423   0.21836   0.26131   0.05939   0.02322   0.02406   0.00041   0.02817   0.07140   0.09550   0.16747   0.23569   0.06247   0.05446   0.22940   0.34648   0.35928   0.22526   0.21593   0.32930   0.19610   0.48161   2.11923   0.75507   1.33591   1.50948   1.79294   1.44429   0.10099   2.13274  
 26 54.6505  12037.361503  x:  1.19639   0.17910   0.26018   0.05501   0.02322   0.02320   0.00042   0.02913   0.07069   0.08573   0.16940   0.23426   0.06201   0.05274   0.22720   0.34282   0.39953   0.22703   0.21166   0.40163   0.13810   0.55758   2.14702   0.80836   1.24549   1.34221   1.98273   1.63122   0.10148   2.08303  
 27 14.5689  12028.839465  x:  1.03312   0.24025   0.25984   0.04366   0.02298   0.02072   0.00043   0.03175   0.06873   0.05277   0.17251   0.23475   0.06140   0.04931   0.22491   0.35003   0.35952   0.22919   0.21345   0.61970   0.17155   0.54505   2.22482   0.63780   1.03651   0.93753   2.42267   2.06643   0.10505   1.98039  
 28 62.3749  12027.530546  x:  0.95993   0.19269   0.26364   0.04252   0.02279   0.02020   0.00043   0.03202   0.06864   0.04418   0.17262   0.23369   0.06146   0.04905   0.22558   0.35485   0.41727   0.23050   0.21205   0.66972   0.18426   0.53599   2.23235   0.58348   1.03152   0.93387   2.47987   2.12873   0.10555   1.97473  
 29 23.0715  12020.574676  x:  0.00000   0.26061   0.26648   0.02571   0.02259   0.01629   0.00045   0.03370   0.06628   0.01356   0.16958   0.24331   0.06190   0.04484   0.23171   0.37116   0.40707   0.24079   0.21487   1.79868   0.18518   0.58326   2.41495   0.70253   1.50929   1.43808   3.07120   2.50726   0.11664   2.05899  
 30 18.0369  12020.574676  x:  0.00000   0.26061   0.26648   0.02571   0.02259   0.01629   0.00045   0.03370   0.06628   0.01356   0.16958   0.24331   0.06190   0.04484   0.23171   0.37116   0.40707   0.24079   0.21487   1.79868   0.18518   0.58326   2.41495   0.70253   1.50929   1.43808   3.07120   2.50726   0.11664   2.05899  
 31  4.0718  11989.426141  x:  0.00001   0.26062   0.26652   0.02594   0.02259   0.01640   0.01939   0.03355   0.06631   0.01376   0.16961   0.24334   0.06191   0.04489   0.23171   0.37120   0.40710   0.24081   0.21489   1.79869   0.18520   0.58326   2.41497   0.70252   1.50929   1.43807   3.07120   2.50726   0.11647   2.05899  
 32 19780.8143  11983.074943  x:  0.00043   0.26138   0.26841   0.04058   0.01618   0.00979   0.01952   0.02224   0.06857   0.02595   0.17111   0.24481   0.06282   0.04747   0.23193   0.37325   0.40904   0.24226   0.21584   1.79912   0.18638   0.58333   2.41633   0.70230   1.50901   1.43792   3.07081   2.50764   0.10690   2.05901  
 33 461.6278  11981.800475  x:  0.00078   0.26180   0.26921   0.04452   0.01778   0.01574   0.01944   0.02037   0.06811   0.03254   0.17179   0.24577   0.06301   0.04843   0.23194   0.37455   0.41036   0.24323   0.21643   1.79949   0.18720   0.58333   2.41739   0.70213   1.50879   1.43780   3.07028   2.50814   0.10280   2.05903  
 34 364.7436  11980.754382  x:  0.00170   0.26250   0.27005   0.04527   0.02261   0.01390   0.01943   0.02481   0.06455   0.04348   0.17261   0.24773   0.06274   0.04911   0.23172   0.37708   0.41322   0.24521   0.21758   1.80044   0.18901   0.58327   2.41993   0.70173   1.50826   1.43752   3.06854   2.50981   0.09979   2.05906  
 35 213.6016  11979.726641  x:  0.00360   0.26337   0.26991   0.04060   0.01874   0.01447   0.01944   0.02462   0.05826   0.05701   0.17291   0.25103   0.06180   0.04871   0.23097   0.38106   0.41826   0.24850   0.21937   1.80239   0.19232   0.58307   2.42494   0.70095   1.50722   1.43697   3.06442   2.51377   0.10323   2.05913  
 36 186.6013  11979.161666  x:  0.00618   0.26365   0.26707   0.03950   0.02227   0.01392   0.01944   0.02138   0.06152   0.06234   0.17158   0.25455   0.06198   0.04805   0.22993   0.38471   0.42397   0.25179   0.22103   1.80504   0.19642   0.58281   2.43161   0.69987   1.50581   1.43626   3.05881   2.51916   0.10852   2.05921  
 37 111.3979  11978.068491  x:  0.01312   0.26378   0.25859   0.04011   0.01913   0.01505   0.01945   0.02676   0.07219   0.06784   0.16771   0.26321   0.06408   0.04810   0.22785   0.39326   0.43847   0.25954   0.22488   1.81216   0.20721   0.58229   2.44953   0.69691   1.50198   1.43439   3.04430   2.53311   0.11167   2.05945  
 38 211.0493  11976.493609  x:  0.02466   0.26271   0.24558   0.03280   0.01922   0.01428   0.01946   0.02420   0.07449   0.06567   0.16279   0.27506   0.06619   0.04934   0.22653   0.40516   0.46076   0.26936   0.22941   1.82403   0.22388   0.58144   2.47936   0.69194   1.49561   1.43126   3.02077   2.55572   0.10064   2.05985  
 39 254.7985  11974.794506  x:  0.04015   0.25829   0.23652   0.04382   0.02049   0.01475   0.01946   0.02468   0.06184   0.05680   0.16129   0.28342   0.06142   0.04755   0.22766   0.41591   0.48618   0.27467   0.22989   1.83998   0.24097   0.57875   2.51924   0.68546   1.48737   1.42670   2.98876   2.58643   0.09940   2.06042  
 40 233.8742  11972.991345  x:  0.06119   0.24670   0.24914   0.04497   0.02120   0.01496   0.01946   0.02492   0.05987   0.05231   0.17163   0.27991   0.07035   0.06062   0.23549   0.42174   0.51265   0.26920   0.22250   1.86173   0.25307   0.57197   2.57415   0.67726   1.47679   1.41931   2.94665   2.62671   0.09867   2.06128  
 41 168.3820  11970.879328  x:  0.08609   0.23106   0.27094   0.04159   0.02074   0.01500   0.01947   0.02515   0.06723   0.05068   0.18487   0.27183   0.06426   0.05148   0.24535   0.42528   0.54062   0.26196   0.21530   1.88754   0.26318   0.56381   2.63942   0.66820   1.46473   1.40975   2.89841   2.67275   0.09073   2.06237  
 42 417.2047  11970.109597  x:  0.09922   0.21687   0.28194   0.04249   0.02094   0.01503   0.01947   0.02509   0.06572   0.05059   0.17668   0.26647   0.06980   0.04805   0.24258   0.41471   0.54277   0.27058   0.23190   1.90137   0.25529   0.56295   2.67476   0.66737   1.46111   1.40042   2.88253   2.68741   0.08846   2.06320  
 43 61.2774  11969.851976  x:  0.10497   0.21082   0.28258   0.04187   0.02087   0.01502   0.01947   0.02513   0.06676   0.05147   0.17441   0.26802   0.06310   0.05353   0.24225   0.41064   0.54118   0.27157   0.23553   1.90751   0.25032   0.56551   2.69034   0.66817   1.46061   1.39480   2.87938   2.69001   0.08794   2.06366  
 44 58.1712  11969.102381  x:  0.12683   0.19252   0.27177   0.04143   0.02077   0.01499   0.01947   0.02513   0.06674   0.05718   0.17552   0.28278   0.06607   0.05065   0.24430   0.40293   0.53116   0.26356   0.23165   1.93113   0.23040   0.58489   2.74961   0.67377   1.46198   1.36884   2.87913   2.68814   0.08695   2.06577  
 45 54.6763  11968.446221  x:  0.14961   0.19786   0.26619   0.04122   0.02065   0.01494   0.01946   0.02506   0.06679   0.05759   0.17890   0.26678   0.06555   0.05091   0.23460   0.41140   0.53347   0.26529   0.22812   1.95630   0.21434   0.61141   2.81149   0.67745   1.46678   1.33681   2.88996   2.67494   0.08722   2.06863  
 46 46.2094  11968.232589  x:  0.15726   0.20779   0.27271   0.04142   0.02071   0.01494   0.01946   0.02503   0.06672   0.05471   0.17722   0.27018   0.06551   0.05081   0.24432   0.41342   0.53791   0.26878   0.22937   1.96535   0.20874   0.61744   2.83405   0.67372   1.47002   1.32267   2.89723   2.66650   0.08858   2.07032  
 47 31.4039  11968.156616  x:  0.15894   0.21306   0.27637   0.04138   0.02070   0.01492   0.01946   0.02496   0.06657   0.05434   0.17405   0.27375   0.06546   0.05072   0.23875   0.41080   0.53723   0.26591   0.22736   1.96861   0.21043   0.61478   2.84296   0.66269   1.47320   1.31359   2.90002   2.66250   0.08857   2.07223  
 48 10.9534  11968.050717  x:  0.15907   0.21652   0.27308   0.04127   0.02065   0.01490   0.01946   0.02493   0.06666   0.05469   0.17920   0.27275   0.06527   0.05066   0.23875   0.40827   0.53012   0.26659   0.23004   1.97236   0.21611   0.60602   2.85568   0.63952   1.48011   1.29539   2.90339   2.65642   0.08905   2.07656  
 49 15.2402  11968.014529  x:  0.15737   0.21599   0.27200   0.04123   0.02062   0.01488   0.01946   0.02493   0.06660   0.05577   0.17465   0.27007   0.06525   0.05066   0.24144   0.41002   0.52636   0.26599   0.22844   1.97274   0.21927   0.60286   2.85948   0.63297   1.48366   1.28532   2.90323   2.65503   0.08894   2.07904  
 50 11.6453  11967.958629  x:  0.14888   0.21482   0.27482   0.04135   0.02064   0.01488   0.01946   0.02490   0.06655   0.05441   0.17555   0.27211   0.06520   0.05071   0.23973   0.41499   0.52264   0.26764   0.22835   1.97024   0.22269   0.59764   2.86274   0.63140   1.49240   1.25764   2.89905   2.65478   0.08874   2.08613  
 51  7.2565  11967.917910  x:  0.14092   0.21749   0.27283   0.04131   0.02063   0.01487   0.01946   0.02491   0.06662   0.05521   0.17577   0.27114   0.06526   0.05070   0.24040   0.40997   0.52511   0.26632   0.22874   1.96798   0.22443   0.59683   2.86361   0.63052   1.49861   1.23478   2.89400   2.65559   0.08836   2.09287  
 52 12.2185  11967.893691  x:  0.13377   0.21524   0.27270   0.04136   0.02062   0.01487   0.01947   0.02491   0.06667   0.05515   0.17558   0.27151   0.06531   0.05076   0.24039   0.41155   0.52913   0.26654   0.22876   1.96804   0.21804   0.60339   2.86048   0.62115   1.49761   1.22145   2.88838   2.65581   0.08809   2.10131  
 53  3.5616  11967.886752  x:  0.13234   0.21361   0.27374   0.04140   0.02064   0.01488   0.01947   0.02491   0.06667   0.05502   0.17584   0.27169   0.06532   0.05078   0.24050   0.41097   0.52968   0.26711   0.22878   1.97012   0.21979   0.60655   2.85880   0.61932   1.49532   1.21748   2.88706   2.65449   0.08821   2.10542  
 54  3.3061  11967.813882  x:  0.12340   0.20470   0.27309   0.04161   0.02058   0.01482   0.01947   0.02482   0.06668   0.05568   0.17585   0.27146   0.06531   0.05081   0.24025   0.41090   0.53933   0.26802   0.22763   2.01053   0.21916   0.60316   2.83675   0.61206   1.45373   1.17578   2.87202   2.63242   0.08831   2.16301  
 55  4.3937  11967.783322  x:  0.11131   0.20985   0.27297   0.04172   0.02057   0.01480   0.01947   0.02481   0.06677   0.05599   0.17573   0.27175   0.06535   0.05090   0.24058   0.41330   0.53439   0.26310   0.23249   2.02379   0.21988   0.60461   2.83487   0.61086   1.43325   1.16456   2.86140   2.62420   0.08833   2.19258  
 56  5.6156  11967.729132  x:  0.08601   0.22049   0.27248   0.04191   0.02054   0.01477   0.01947   0.02477   0.06686   0.05680   0.17603   0.27238   0.06545   0.05098   0.24056   0.41233   0.52331   0.26783   0.22895   2.04536   0.21920   0.60585   2.83518   0.60906   1.39747   1.14829   2.84105   2.60982   0.08804   2.24725  
 57 20.4008  11967.653483  x:  0.03426   0.21100   0.27201   0.04219   0.02042   0.01465   0.01948   0.02459   0.06677   0.05743   0.17588   0.27169   0.06527   0.05091   0.24002   0.41153   0.53428   0.26684   0.22872   2.07259   0.22294   0.59986   2.85048   0.60965   1.37555   1.14675   2.82089   2.57280   0.08885   2.33925  
 58  4.5619  11967.526746  x:  0.00000   0.21132   0.27195   0.04251   0.02036   0.01458   0.01948   0.02449   0.06687   0.05825   0.17594   0.27208   0.06533   0.05100   0.24013   0.41204   0.53497   0.26719   0.22892   2.11574   0.22344   0.60014   2.85288   0.61042   1.38460   1.15249   2.79199   2.54639   0.08863   2.42945  
 59  7.7075  11967.526746  x:  0.00000   0.21132   0.27195   0.04251   0.02036   0.01458   0.01948   0.02449   0.06687   0.05825   0.17594   0.27208   0.06533   0.05100   0.24013   0.41204   0.53497   0.26719   0.22892   2.11574   0.22344   0.60014   2.85288   0.61042   1.38460   1.15249   2.79199   2.54639   0.08863   2.42945  
 60  1.1312  11967.482266  x:  0.00004   0.21138   0.27203   0.04343   0.01988   0.01365   0.02029   0.02384   0.06712   0.05879   0.17601   0.27212   0.06535   0.05110   0.24014   0.41210   0.53501   0.26724   0.22895   2.11579   0.22347   0.60015   2.85287   0.61041   1.38466   1.15252   2.79196   2.54640   0.08829   2.42947  
 61 46.9987  11967.461239  x:  0.00011   0.21150   0.27216   0.04471   0.01981   0.01427   0.02036   0.02352   0.06734   0.05981   0.17613   0.27220   0.06535   0.05125   0.24014   0.41222   0.53510   0.26734   0.22900   2.11590   0.22354   0.60017   2.85284   0.61039   1.38478   1.15259   2.79190   2.54646   0.08789   2.42951  
 62 30.1838  11967.449657  x:  0.00020   0.21163   0.27227   0.04545   0.02009   0.01399   0.01992   0.02384   0.06725   0.06091   0.17623   0.27229   0.06533   0.05134   0.24015   0.41235   0.53521   0.26745   0.22906   2.11603   0.22362   0.60020   2.85280   0.61037   1.38494   1.15266   2.79177   2.54656   0.08786   2.42955  
 63 25.4491  11967.436965  x:  0.00044   0.21194   0.27235   0.04547   0.01995   0.01408   0.02026   0.02413   0.06648   0.06300   0.17636   0.27249   0.06527   0.05137   0.24013   0.41262   0.53544   0.26770   0.22918   2.11637   0.22381   0.60027   2.85272   0.61031   1.38531   1.15286   2.79141   2.54687   0.08842   2.42967  
 64 18.3765  11967.433060  x:  0.00058   0.21209   0.27227   0.04521   0.01997   0.01406   0.02005   0.02372   0.06632   0.06373   0.17636   0.27260   0.06529   0.05136   0.24013   0.41273   0.53556   0.26784   0.22925   2.11657   0.22393   0.60032   2.85267   0.61028   1.38553   1.15297   2.79121   2.54705   0.08842   2.42974  
 65 15.0305  11967.429819  x:  0.00083   0.21232   0.27197   0.04485   0.02022   0.01406   0.02021   0.02375   0.06659   0.06431   0.17624   0.27278   0.06537   0.05132   0.24011   0.41287   0.53572   0.26804   0.22936   2.11692   0.22414   0.60041   2.85259   0.61021   1.38590   1.15319   2.79085   2.54735   0.08804   2.42986  
 66  9.3919  11967.425720  x:  0.00125   0.21267   0.27139   0.04456   0.01984   0.01407   0.02009   0.02395   0.06715   0.06486   0.17600   0.27305   0.06547   0.05125   0.24007   0.41304   0.53597   0.26832   0.22951   2.11752   0.22448   0.60056   2.85247   0.61011   1.38654   1.15355   2.79021   2.54790   0.08787   2.43008  
 67 15.4592  11967.419921  x:  0.00202   0.21321   0.27034   0.04459   0.02003   0.01408   0.02016   0.02386   0.06780   0.06524   0.17556   0.27348   0.06552   0.05121   0.24000   0.41328   0.53633   0.26871   0.22968   2.11861   0.22501   0.60080   2.85226   0.60994   1.38769   1.15420   2.78903   2.54893   0.08837   2.43046  
 68 17.8770  11967.407846  x:  0.00399   0.21438   0.26821   0.04510   0.02002   0.01409   0.02016   0.02389   0.06679   0.06507   0.17490   0.27436   0.06548   0.05161   0.24002   0.41380   0.53709   0.26936   0.22992   2.12144   0.22619   0.60133   2.85175   0.60954   1.39071   1.15589   2.78605   2.55147   0.08785   2.43147  
 69 15.3979  11967.398670  x:  0.00591   0.21492   0.26869   0.04524   0.02004   0.01410   0.02017   0.02390   0.06675   0.06481   0.17569   0.27438   0.06502   0.05065   0.24046   0.41428   0.53738   0.26917   0.22964   2.12427   0.22658   0.60147   2.85136   0.60932   1.39386   1.15758   2.78330   2.55378   0.08751   2.43256  
 70  9.5042  11967.379963  x:  0.01003   0.21577   0.27065   0.04513   0.02008   0.01413   0.02021   0.02395   0.06712   0.06427   0.17757   0.27415   0.06594   0.05139   0.24140   0.41520   0.53781   0.26863   0.22905   2.13044   0.22705   0.60163   2.85060   0.60900   1.40083   1.16126   2.77749   2.55860   0.08720   2.43498  
 71 39.6592  11967.373494  x:  0.01149   0.21541   0.27208   0.04503   0.02009   0.01413   0.02022   0.02395   0.06729   0.06409   0.17689   0.27396   0.06508   0.05198   0.24118   0.41516   0.53765   0.26933   0.23003   2.13290   0.22670   0.60173   2.85057   0.60936   1.40396   1.16277   2.77580   2.55982   0.08704   2.43614  
 72  8.4102  11967.368933  x:  0.01250   0.21479   0.27298   0.04517   0.02010   0.01413   0.02022   0.02395   0.06712   0.06397   0.17609   0.27402   0.06583   0.05146   0.24096   0.41502   0.53741   0.26991   0.23085   2.13479   0.22623   0.60193   2.85073   0.60991   1.40662   1.16398   2.77491   2.56031   0.08697   2.43718  
 73 10.3617  11967.355067  x:  0.01500   0.21114   0.27230   0.04508   0.02009   0.01413   0.02021   0.02395   0.06718   0.06450   0.17567   0.27595   0.06564   0.05154   0.24176   0.41474   0.53653   0.26918   0.23022   2.14142   0.22406   0.60405   2.85270   0.61349   1.41792   1.16888   2.77482   2.55859   0.08692   2.44202  
 74  4.9860  11967.342789  x:  0.01636   0.21002   0.27097   0.04505   0.02008   0.01412   0.02020   0.02393   0.06715   0.06465   0.17668   0.27356   0.06564   0.05150   0.24006   0.41474   0.53792   0.26924   0.23004   2.14718   0.22232   0.60612   2.85522   0.61616   1.42887   1.17429   2.77568   2.55583   0.08693   2.44718  
 75  9.2850  11967.332829  x:  0.01566   0.21158   0.27162   0.04506   0.02008   0.01412   0.02020   0.02393   0.06712   0.06413   0.17638   0.27374   0.06563   0.05149   0.24171   0.41435   0.54123   0.26967   0.23014   2.15115   0.22113   0.60684   2.85834   0.61640   1.43842   1.18059   2.77690   2.55262   0.08723   2.45265  
 76  6.4349  11967.324372  x:  0.01274   0.21130   0.27257   0.04503   0.02007   0.01411   0.02019   0.02391   0.06710   0.06399   0.17551   0.27481   0.06558   0.05147   0.23986   0.41465   0.54231   0.26878   0.22909   2.15337   0.22184   0.60663   2.86210   0.61471   1.44644   1.18782   2.77677   2.55054   0.08727   2.45863  
 77  5.4933  11967.312489  x:  0.00663   0.20914   0.27196   0.04502   0.02007   0.01411   0.02019   0.02391   0.06712   0.06394   0.17680   0.27475   0.06558   0.05147   0.24038   0.41500   0.54164   0.26968   0.23033   2.15556   0.22342   0.60498   2.86821   0.61259   1.45767   1.19882   2.77541   2.54831   0.08741   2.46831  
 78  9.2275  11967.305827  x:  0.00196   0.20899   0.27154   0.04502   0.02006   0.01411   0.02018   0.02391   0.06708   0.06444   0.17542   0.27309   0.06557   0.05146   0.24150   0.41433   0.54112   0.26893   0.22972   2.15643   0.22439   0.60328   2.87186   0.61413   1.46382   1.20451   2.77349   2.54783   0.08723   2.47475  
 79  6.5181  11967.301780  x:  0.00000   0.20946   0.27157   0.04502   0.02006   0.01411   0.02018   0.02391   0.06709   0.06439   0.17562   0.27336   0.06557   0.05146   0.24131   0.41424   0.54099   0.26894   0.22980   2.15670   0.22470   0.60264   2.87308   0.61558   1.46586   1.20623   2.77267   2.54771   0.08721   2.47735  
 80  6.6966  11967.299932  x:  0.00000   0.21019   0.27207   0.04505   0.02007   0.01411   0.02019   0.02392   0.06709   0.06416   0.17550   0.27328   0.06559   0.05148   0.24158   0.41531   0.54017   0.26926   0.22974   2.15747   0.22566   0.60375   2.87367   0.61695   1.46724   1.20782   2.77188   2.54712   0.08728   2.48126  
 81  2.1044  11967.291471  x:  0.00000   0.21459   0.27172   0.04505   0.02007   0.01411   0.02019   0.02392   0.06710   0.06423   0.17550   0.27350   0.06560   0.05148   0.24143   0.41605   0.53553   0.26930   0.22975   2.16364   0.22096   0.60747   2.87289   0.61908   1.47005   1.21498   2.76663   2.54400   0.08720   2.50543  
 82  2.3064  11967.287471  x:  0.00000   0.21531   0.27191   0.04504   0.02007   0.01411   0.02019   0.02392   0.06712   0.06435   0.17601   0.27367   0.06562   0.05147   0.24127   0.41372   0.53483   0.26897   0.23015   2.16713   0.22134   0.60915   2.87169   0.61995   1.47086   1.21736   2.76428   2.54203   0.08722   2.51812  
 83  4.9107  11967.256257  x:  0.00000   0.21071   0.27192   0.04509   0.02007   0.01411   0.02020   0.02392   0.06709   0.06394   0.17627   0.27417   0.06562   0.05146   0.24080   0.41488   0.54100   0.26924   0.22994   2.19665   0.22325   0.60434   2.85854   0.62705   1.47450   1.22820   2.74652   2.52334   0.08737   2.62650  
 84  6.2798  11967.208797  x:  0.00000   0.20186   0.27296   0.04517   0.02011   0.01413   0.02023   0.02396   0.06720   0.06356   0.17701   0.27506   0.06573   0.05155   0.24093   0.41517   0.55405   0.27280   0.22759   2.20999   0.21777   0.61365   2.86683   0.62613   1.47957   1.21794   2.71090   2.50116   0.08683   2.80239  
 85  4.4320  11967.182574  x:  0.00000   0.20097   0.27278   0.04520   0.02012   0.01413   0.02025   0.02398   0.06725   0.06357   0.17691   0.27532   0.06576   0.05157   0.24108   0.41710   0.55686   0.26754   0.23254   2.21769   0.21714   0.61565   2.87170   0.62431   1.48205   1.21035   2.69367   2.48682   0.08673   2.90003  
 86 29.8298  11967.036951  x:  0.00000   0.21270   0.27278   0.04508   0.02009   0.01409   0.02023   0.02394   0.06727   0.06353   0.17719   0.27586   0.06566   0.05152   0.24009   0.41573   0.54316   0.27019   0.23023   2.26406   0.22415   0.60536   2.89753   0.60780   1.49227   1.16296   2.61018   2.39671   0.08666   3.44587  
 87 36.4699  11966.879896  x:  0.00000   0.21307   0.27222   0.04510   0.02007   0.01405   0.02023   0.02392   0.06720   0.06422   0.17710   0.27522   0.06561   0.05149   0.24047   0.41508   0.54118   0.26974   0.23031   2.27139   0.22751   0.60035   2.89947   0.61656   1.44508   1.18766   2.53724   2.30701   0.08732   4.02173  
 88 11.1791  11966.856234  x:  0.00000   0.21418   0.27211   0.04510   0.02006   0.01405   0.02022   0.02391   0.06714   0.06402   0.17684   0.27485   0.06558   0.05145   0.24037   0.41485   0.53870   0.26958   0.23014   2.25617   0.22764   0.59984   2.87702   0.61571   1.45634   1.18791   2.54081   2.30802   0.08757   4.12138  
 89  2.7546  11966.814412  x:  0.04568   0.21496   0.27200   0.04510   0.02005   0.01404   0.02021   0.02390   0.06710   0.06390   0.17664   0.27455   0.06556   0.05143   0.24031   0.41465   0.53682   0.26943   0.23001   2.24897   0.22775   0.59939   2.86107   0.61543   1.46369   1.18903   2.56113   2.32652   0.08778   4.25614  
 90  3.9596  11966.606342  x:  0.02538   0.21396   0.27155   0.04509   0.02005   0.01405   0.02020   0.02390   0.06707   0.06432   0.17648   0.27413   0.06554   0.05142   0.24053   0.41397   0.53614   0.26905   0.23007   2.30721   0.22772   0.59852   2.86870   0.62109   1.44884   1.20520   2.85671   2.62305   0.08841   5.47311  
 91  2.5366  11966.434593  x:  0.03372   0.20673   0.27232   0.04505   0.02009   0.01417   0.02019   0.02395   0.06714   0.06365   0.17613   0.27404   0.06565   0.05153   0.24131   0.41539   0.54702   0.26940   0.22999   2.47313   0.22164   0.60899   2.89167   0.61753   1.48855   1.20604   2.70376   2.49095   0.08697   7.61820  
 92  0.7533  11966.328741  x:  0.07975   0.21224   0.27172   0.04512   0.02005   0.01404   0.02021   0.02390   0.06708   0.06413   0.17652   0.27421   0.06556   0.05143   0.24054   0.41432   0.53820   0.26899   0.23013   2.63773   0.22835   0.59819   2.86916   0.62196   1.45578   1.20875   2.72147   2.48902   0.08832  10.44053  
 93  1.0791  11966.304564  x:  0.08626   0.21132   0.27182   0.04511   0.02006   0.01406   0.02021   0.02391   0.06709   0.06405   0.17654   0.27422   0.06557   0.05145   0.24066   0.41447   0.53997   0.26910   0.23014   2.73368   0.22723   0.60006   2.87460   0.62190   1.46009   1.20951   2.66378   2.43239   0.08812  11.74930  
 94  1.3189  11966.281499  x:  0.10945   0.20876   0.27204   0.04508   0.02008   0.01412   0.02019   0.02392   0.06709   0.06385   0.17638   0.27411   0.06561   0.05148   0.24098   0.41482   0.54392   0.26926   0.23006   2.87339   0.22413   0.60484   2.88377   0.62115   1.47513   1.21117   2.68367   2.46077   0.08764  13.85755  
 95  1.6435  11966.266449  x:  0.14512   0.21067   0.27189   0.04511   0.02006   0.01407   0.02020   0.02391   0.06710   0.06398   0.17646   0.27418   0.06558   0.05145   0.24074   0.41461   0.54061   0.26907   0.23012   3.12198   0.22696   0.60055   2.87512   0.62166   1.46370   1.21025   2.65836   2.42933   0.08799  17.71054  
 96  1.2998  11966.263710  x:  0.15295   0.21011   0.27192   0.04510   0.02006   0.01409   0.02020   0.02392   0.06709   0.06394   0.17645   0.27415   0.06559   0.05146   0.24081   0.41464   0.54165   0.26914   0.23010   3.20259   0.22601   0.60197   2.87791   0.62174   1.46744   1.21093   2.67036   2.44289   0.08792  18.93504  
 97  0.9817  11966.262410  x:  0.15960   0.20963   0.27197   0.04509   0.02007   0.01410   0.02020   0.02392   0.06709   0.06391   0.17645   0.27415   0.06559   0.05147   0.24086   0.41470   0.54256   0.26921   0.23009   3.29943   0.22530   0.60307   2.88048   0.62172   1.47031   1.21130   2.66274   2.43634   0.08784  20.34876  
 98  0.9460  11966.261325  x:  0.16833   0.21007   0.27193   0.04510   0.02007   0.01409   0.02020   0.02392   0.06709   0.06393   0.17644   0.27415   0.06559   0.05146   0.24081   0.41466   0.54168   0.26914   0.23010   3.43099   0.22601   0.60197   2.87785   0.62177   1.46768   1.21109   2.66865   2.44147   0.08790  22.35883  
 99  0.8864  11966.261012  x:  0.16949   0.21000   0.27193   0.04510   0.02007   0.01409   0.02020   0.02392   0.06709   0.06393   0.17645   0.27415   0.06559   0.05146   0.24082   0.41465   0.54185   0.26916   0.23009   3.52044   0.22583   0.60223   2.87837   0.62176   1.46830   1.21108   2.66945   2.44226   0.08791  23.67059  
100  0.5462  11966.260938  x:  0.16995   0.20998   0.27194   0.04510   0.02007   0.01409   0.02020   0.02392   0.06709   0.06393   0.17644   0.27414   0.06559   0.05146   0.24082   0.41465   0.54186   0.26915   0.23009   3.54957   0.22581   0.60226   2.87832   0.62178   1.46848   1.21115   2.67303   2.44609   0.08790  24.10867  
101  0.3991  11966.260928  x:  0.16889   0.21001   0.27193   0.04510   0.02007   0.01409   0.02020   0.02392   0.06709   0.06393   0.17644   0.27414   0.06559   0.05146   0.24082   0.41465   0.54180   0.26915   0.23009   3.55914   0.22586   0.60218   2.87809   0.62178   1.46833   1.21115   2.67464   2.44774   0.08790  24.24848  
102  0.0811  11966.260926  x:  0.16809   0.21000   0.27193   0.04510   0.02007   0.01409   0.02020   0.02392   0.06709   0.06393   0.17644   0.27414   0.06559   0.05146   0.24082   0.41465   0.54182   0.26915   0.23009   3.55205   0.22583   0.60222   2.87817   0.62177   1.46842   1.21114   2.67490   2.44799   0.08790  24.14048  
103  0.0599  11966.260926  x:  0.16771   0.21000   0.27193   0.04510   0.02007   0.01409   0.02020   0.02392   0.06709   0.06393   0.17644   0.27414   0.06559   0.05146   0.24082   0.41465   0.54181   0.26915   0.23009   3.54700   0.22584   0.60221   2.87814   0.62177   1.46840   1.21114   2.67507   2.44817   0.08790  24.06543  
104  0.0438  11966.260926  x:  0.16771   0.21000   0.27193   0.04510   0.02007   0.01409   0.02020   0.02392   0.06709   0.06393   0.17644   0.27414   0.06559   0.05146   0.24082   0.41465   0.54181   0.26915   0.23009   3.54682   0.22584   0.60221   2.87814   0.62177   1.46839   1.21114   2.67505   2.44815   0.08790  24.06296  
105  0.0013  11966.260926  x:  0.16776   0.21000   0.27193   0.04510   0.02007   0.01409   0.02020   0.02392   0.06709   0.06393   0.17644   0.27414   0.06559   0.05146   0.24082   0.41465   0.54181   0.26915   0.23009   3.54682   0.22584   0.60221   2.87814   0.62177   1.46839   1.21114   2.67505   2.44815   0.08790  24.06406  
106  0.0001  11966.260923  x:  0.17906   0.21001   0.27193   0.04510   0.02007   0.01409   0.02020   0.02392   0.06709   0.06393   0.17645   0.27415   0.06559   0.05146   0.24081   0.41465   0.54179   0.26915   0.23009   3.53996   0.22587   0.60217   2.87811   0.62181   1.46835   1.21126   2.67472   2.44776   0.08791  24.26516  
107  0.1616  11966.260918  x:  0.19921   0.21002   0.27193   0.04510   0.02007   0.01409   0.02020   0.02392   0.06709   0.06393   0.17645   0.27416   0.06559   0.05146   0.24081   0.41464   0.54178   0.26915   0.23010   3.51644   0.22588   0.60214   2.87808   0.62184   1.46832   1.21133   2.67453   2.44753   0.08791  24.48674  
108  0.1014  11966.260909  x:  0.23162   0.21002   0.27193   0.04510   0.02007   0.01409   0.02020   0.02392   0.06709   0.06393   0.17646   0.27416   0.06559   0.05146   0.24081   0.41464   0.54177   0.26915   0.23010   3.46697   0.22589   0.60214   2.87808   0.62184   1.46830   1.21134   2.67456   2.44755   0.08791  24.70253  
109  0.2392  11966.260901  x:  0.25332   0.21001   0.27193   0.04510   0.02007   0.01409   0.02020   0.02392   0.06709   0.06393   0.17645   0.27415   0.06559   0.05146   0.24081   0.41465   0.54179   0.26915   0.23010   3.41996   0.22587   0.60216   2.87810   0.62181   1.46832   1.21126   2.67493   2.44797   0.08791  24.67791  
110  0.0763  11966.260896  x:  0.27069   0.21001   0.27193   0.04510   0.02007   0.01409   0.02020   0.02392   0.06709   0.06393   0.17644   0.27415   0.06559   0.05146   0.24082   0.41465   0.54180   0.26915   0.23009   3.40102   0.22585   0.60220   2.87813   0.62178   1.46836   1.21116   2.67523   2.44832   0.08790  24.90581  
111  0.4153  11966.260890  x:  0.27542   0.20999   0.27193   0.04510   0.02007   0.01409   0.02020   0.02392   0.06709   0.06393   0.17643   0.27413   0.06559   0.05146   0.24083   0.41466   0.54184   0.26915   0.23008   3.41019   0.22581   0.60227   2.87819   0.62172   1.46845   1.21097   2.67571   2.44891   0.08790  25.18549  
112  0.1663  11966.260885  x:  0.29425   0.20999   0.27193   0.04510   0.02007   0.01409   0.02020   0.02392   0.06709   0.06393   0.17643   0.27413   0.06559   0.05146   0.24083   0.41465   0.54183   0.26915   0.23008   3.38940   0.22582   0.60224   2.87817   0.62173   1.46842   1.21102   2.67546   2.44862   0.08790  25.42938  
113  0.1534  11966.260878  x:  0.31291   0.21001   0.27193   0.04510   0.02007   0.01409   0.02020   0.02392   0.06709   0.06393   0.17645   0.27416   0.06559   0.05146   0.24081   0.41464   0.54178   0.26915   0.23010   3.37523   0.22587   0.60216   2.87810   0.62181   1.46831   1.21127   2.67455   2.44756   0.08791  25.76921  
114  0.3219  11966.260875  x:  0.32514   0.21001   0.27193   0.04510   0.02007   0.01409   0.02020   0.02392   0.06709   0.06393   0.17645   0.27415   0.06559   0.05146   0.24081   0.41465   0.54179   0.26915   0.23009   3.36215   0.22587   0.60217   2.87811   0.62181   1.46833   1.21124   2.67469   2.44772   0.08791  25.94508  
115  0.3346  11966.260869  x:  0.34202   0.21000   0.27193   0.04510   0.02007   0.01409   0.02020   0.02392   0.06709   0.06393   0.17643   0.27414   0.06559   0.05146   0.24083   0.41465   0.54182   0.26915   0.23008   3.34270   0.22582   0.60223   2.87816   0.62175   1.46842   1.21107   2.67551   2.44866   0.08790  26.19424  
116  0.2225  11966.260860  x:  0.39700   0.21001   0.27193   0.04510   0.02007   0.01409   0.02020   0.02392   0.06709   0.06393   0.17644   0.27415   0.06559   0.05146   0.24082   0.41465   0.54180   0.26915   0.23009   3.26858   0.22585   0.60219   2.87813   0.62177   1.46835   1.21115   2.67494   2.44802   0.08790  26.80406  
117  0.0964  11966.260858  x:  0.39519   0.21001   0.27193   0.04510   0.02007   0.01409   0.02020   0.02392   0.06709   0.06393   0.17644   0.27415   0.06559   0.05146   0.24082   0.41465   0.54180   0.26915   0.23009   3.27085   0.22585   0.60219   2.87813   0.62177   1.46834   1.21115   2.67494   2.44802   0.08790  26.78819  
118  0.0817  11966.260853  x:  0.40817   0.21000   0.27193   0.04510   0.02007   0.01409   0.02020   0.02392   0.06709   0.06393   0.17644   0.27414   0.06559   0.05146   0.24082   0.41465   0.54181   0.26915   0.23009   3.27222   0.22584   0.60221   2.87814   0.62177   1.46837   1.21112   2.67522   2.44833   0.08790  27.23412  
119  0.3467  11966.260852  x:  0.41927   0.21000   0.27193   0.04510   0.02007   0.01409   0.02020   0.02392   0.06709   0.06393   0.17644   0.27414   0.06559   0.05146   0.24082   0.41465   0.54181   0.26915   0.23009   3.26152   0.22584   0.60221   2.87814   0.62177   1.46838   1.21112   2.67522   2.44834   0.08790  27.43231  
120  0.3160  11966.260849  x:  0.43999   0.21000   0.27193   0.04510   0.02007   0.01409   0.02020   0.02392   0.06709   0.06393   0.17644   0.27414   0.06559   0.05146   0.24082   0.41465   0.54181   0.26915   0.23009   3.24214   0.22584   0.60221   2.87814   0.62177   1.46839   1.21113   2.67517   2.44829   0.08790  27.82388  
121  0.2677  11966.260847  x:  0.44872   0.21000   0.27193   0.04510   0.02007   0.01409   0.02020   0.02392   0.06709   0.06393   0.17644   0.27414   0.06559   0.05146   0.24082   0.41465   0.54181   0.26915   0.23009   3.22997   0.22584   0.60221   2.87814   0.62178   1.46838   1.21114   2.67513   2.44824   0.08790  27.94066  
122  0.1036  11966.260845  x:  0.46726   0.21000   0.27193   0.04510   0.02007   0.01409   0.02020   0.02392   0.06709   0.06393   0.17644   0.27414   0.06559   0.05146   0.24082   0.41465   0.54181   0.26915   0.23009   3.20653   0.22584   0.60221   2.87814   0.62177   1.46837   1.21114   2.67514   2.44824   0.08790  28.20040  
123  0.4613  11966.260845  x:  0.47376   0.21000   0.27193   0.04510   0.02007   0.01409   0.02020   0.02392   0.06709   0.06393   0.17644   0.27414   0.06559   0.05146   0.24082   0.41465   0.54181   0.26915   0.23009   3.19910   0.22584   0.60221   2.87814   0.62177   1.46837   1.21113   2.67514   2.44825   0.08790  28.30583  
124  0.3466  11966.260844  x:  0.48911   0.21000   0.27193   0.04510   0.02007   0.01409   0.02020   0.02392   0.06709   0.06393   0.17644   0.27414   0.06559   0.05146   0.24082   0.41465   0.54181   0.26915   0.23009   3.18148   0.22584   0.60221   2.87814   0.62176   1.46836   1.21111   2.67524   2.44835   0.08790  28.56380  
125  0.1035  11966.260842  x:  0.49684   0.21000   0.27193   0.04510   0.02007   0.01409   0.02020   0.02392   0.06709   0.06393   0.17644   0.27414   0.06559   0.05146   0.24082   0.41465   0.54181   0.26915   0.23009   3.17433   0.22584   0.60221   2.87814   0.62176   1.46835   1.21110   2.67528   2.44839   0.08790  28.73243  
126  0.1056  11966.260841  x:  0.50519   0.21000   0.27193   0.04510   0.02007   0.01409   0.02020   0.02392   0.06709   0.06393   0.17644   0.27414   0.06559   0.05146   0.24082   0.41465   0.54181   0.26915   0.23009   3.16646   0.22584   0.60221   2.87814   0.62176   1.46836   1.21111   2.67524   2.44835   0.08790  28.90100  
127  0.4093  11966.260841  x:  0.51367   0.21000   0.27193   0.04510   0.02007   0.01409   0.02020   0.02392   0.06709   0.06393   0.17644   0.27414   0.06559   0.05146   0.24082   0.41465   0.54181   0.26915   0.23009   3.15821   0.22584   0.60221   2.87814   0.62177   1.46836   1.21112   2.67520   2.44830   0.08790  29.06954  
128  0.4579  11966.260841  x:  0.52062   0.21000   0.27193   0.04510   0.02007   0.01409   0.02020   0.02392   0.06709   0.06393   0.17644   0.27415   0.06559   0.05146   0.24082   0.41465   0.54181   0.26915   0.23009   3.15400   0.22585   0.60220   2.87814   0.62179   1.46839   1.21118   2.67495   2.44804   0.08790  29.25226  
129  0.0548  11966.260840  x:  0.52713   0.21000   0.27193   0.04510   0.02007   0.01409   0.02020   0.02392   0.06709   0.06393   0.17644   0.27414   0.06559   0.05146   0.24082   0.41465   0.54181   0.26915   0.23009   3.14607   0.22584   0.60220   2.87814   0.62178   1.46838   1.21116   2.67503   2.44813   0.08790  29.36122  
130  0.1231  11966.260840  x:  0.53325   0.21000   0.27193   0.04510   0.02007   0.01409   0.02020   0.02392   0.06709   0.06393   0.17644   0.27414   0.06559   0.05146   0.24082   0.41465   0.54181   0.26915   0.23009   3.13663   0.22584   0.60221   2.87813   0.62176   1.46836   1.21110   2.67527   2.44839   0.08790  29.43833  
131  0.0897  11966.260840  x:  0.53761   0.21000   0.27193   0.04510   0.02007   0.01409   0.02020   0.02392   0.06709   0.06393   0.17644   0.27414   0.06559   0.05146   0.24082   0.41465   0.54181   0.26915   0.23009   3.13241   0.22584   0.60221   2.87814   0.62176   1.46836   1.21111   2.67524   2.44835   0.08790  29.52876  
132  0.1352  11966.260840  x:  0.54398   0.21000   0.27193   0.04510   0.02007   0.01409   0.02020   0.02392   0.06709   0.06393   0.17644   0.27414   0.06559   0.05146   0.24082   0.41465   0.54181   0.26915   0.23009   3.12739   0.22584   0.60221   2.87814   0.62177   1.46837   1.21114   2.67510   2.44820   0.08790  29.68099  
133  0.1087  11966.260840  x:  0.54581   0.21000   0.27193   0.04510   0.02007   0.01409   0.02020   0.02392   0.06709   0.06393   0.17644   0.27414   0.06559   0.05146   0.24082   0.41465   0.54181   0.26915   0.23009   3.12525   0.22584   0.60221   2.87814   0.62177   1.46837   1.21113   2.67513   2.44823   0.08790  29.71679  
134  0.0224  11966.260840  x:  0.55076   0.21000   0.27193   0.04510   0.02007   0.01409   0.02020   0.02392   0.06709   0.06393   0.17644   0.27414   0.06559   0.05146   0.24082   0.41465   0.54181   0.26915   0.23009   3.11965   0.22584   0.60221   2.87814   0.62177   1.46836   1.21113   2.67517   2.44828   0.08790  29.80990  
135  0.1419  11966.260840  x:  0.55316   0.21000   0.27193   0.04510   0.02007   0.01409   0.02020   0.02392   0.06709   0.06393   0.17644   0.27414   0.06559   0.05146   0.24082   0.41465   0.54181   0.26915   0.23009   3.11715   0.22584   0.60221   2.87814   0.62177   1.46836   1.21113   2.67517   2.44827   0.08790  29.85869  
136  0.0548  11966.260840  x:  0.55487   0.21000   0.27193   0.04510   0.02007   0.01409   0.02020   0.02392   0.06709   0.06393   0.17644   0.27414   0.06559   0.05146   0.24082   0.41465   0.54181   0.26915   0.23009   3.11546   0.22584   0.60221   2.87814   0.62177   1.46836   1.21113   2.67515   2.44826   0.08790  29.89547  
137  0.0230  11966.260840  x:  0.55513   0.21000   0.27193   0.04510   0.02007   0.01409   0.02020   0.02392   0.06709   0.06393   0.17644   0.27414   0.06559   0.05146   0.24082   0.41465   0.54181   0.26915   0.23009   3.11519   0.22584   0.60221   2.87814   0.62177   1.46836   1.21113   2.67515   2.44826   0.08790  29.90086  
138  0.0109  11966.260840  x:  0.55515   0.21000   0.27193   0.04510   0.02007   0.01409   0.02020   0.02392   0.06709   0.06393   0.17644   0.27414   0.06559   0.05146   0.24082   0.41465   0.54181   0.26915   0.23009   3.11517   0.22584   0.60221   2.87814   0.62177   1.46836   1.21113   2.67516   2.44826   0.08790  29.90123  