Supplemental results for CODEML (seqf: ../../../Mx_aln.phy  treef: ../../../Mx_branch_bird.tree)

I	J	ij	2Ns_IJ	pMut_IJ	pSub_IJ	2Ns_JI	pMut_JI	pSub_JI

TTC	TTT	CT	0.57335	0.03164	0.04157	-0.57335	0.05614	0.04157	0.04157	0.04157
TTA	TTT	AT	2.18409	0.00327	0.00804	-2.18409	0.02901	0.00804	0.00402	0.00402
TTA	TTC	AC	1.61074	0.00636	0.01280	-1.61074	0.03184	0.01280	0.00640	0.00640
TTG	TTT	GT	0.76389	0.00794	0.01136	-0.76389	0.01705	0.01136	0.00568	0.00568
TTG	TTC	GC	0.19054	0.01547	0.01699	-0.19054	0.01872	0.01699	0.00850	0.00850
TTG	TTA	GA	-1.42020	0.04820	0.02181	1.42020	0.01165	0.02181	0.02181	0.02181
TCT	TTT	CT	1.39807	0.01387	0.02575	-1.39807	0.05614	0.02575	0.01288	0.01288
TCC	TTC	CT	1.06524	0.02124	0.03452	-1.06524	0.06162	0.03452	0.01726	0.01726
TCC	TCT	CT	0.24052	0.02124	0.02389	-0.24052	0.02701	0.02389	0.02389	0.02389
TCA	TTA	CT	0.28854	0.01170	0.01347	-0.28854	0.01562	0.01347	0.00674	0.00674
TCA	TCT	AT	1.07456	0.00477	0.00778	-1.07456	0.01396	0.00778	0.00778	0.00778
TCA	TCC	AC	0.83404	0.00928	0.01369	-0.83404	0.02137	0.01369	0.01369	0.01369
TCG	TTG	CT	1.76522	0.00650	0.01385	-1.76522	0.03799	0.01385	0.00692	0.00692
TCG	TCT	GT	1.13103	0.00265	0.00442	-1.13103	0.00821	0.00442	0.00442	0.00442
TCG	TCC	GC	0.89051	0.00516	0.00779	-0.89051	0.01256	0.00779	0.00779	0.00779
TCG	TCA	GA	0.05648	0.01607	0.01652	-0.05648	0.01700	0.01652	0.01652	0.01652
TAT	TTT	AT	1.56090	0.00609	0.01203	-1.56090	0.02901	0.01203	0.00602	0.00602
TAT	TCT	AC	0.16283	0.01186	0.01285	-0.16283	0.01396	0.01285	0.00643	0.00643
TAC	TTC	AT	1.13467	0.01024	0.01712	-1.13467	0.03184	0.01712	0.00856	0.00856
TAC	TCC	AC	0.06943	0.01994	0.02064	-0.06943	0.02137	0.02064	0.01032	0.01032
TAC	TAT	CT	0.14712	0.02514	0.02703	-0.14712	0.02912	0.02703	0.02703	0.02703
TGT	TTT	GT	1.70835	0.00309	0.00644	-1.70835	0.01705	0.00644	0.00322	0.00322
TGT	TCT	GC	0.31028	0.00602	0.00700	-0.31028	0.00821	0.00700	0.00350	0.00350
TGT	TAT	GA	0.14745	0.01874	0.02016	-0.14745	0.02172	0.02016	0.01008	0.01008
TGC	TTC	GT	1.09427	0.00627	0.01031	-1.09427	0.01872	0.01031	0.00515	0.00515
TGC	TCC	GC	0.02903	0.01220	0.01238	-0.02903	0.01256	0.01238	0.00619	0.00619
TGC	TAC	GA	-0.04040	0.03802	0.03726	0.04040	0.03652	0.03726	0.01863	0.01863
TGC	TGT	CT	-0.04073	0.01539	0.01508	0.04073	0.01477	0.01508	0.01508	0.01508
TGG	TTG	GT	1.11196	0.00380	0.00629	-1.11196	0.01154	0.00629	0.00314	0.00314
TGG	TCG	GC	-0.65326	0.00739	0.00524	0.65326	0.00385	0.00524	0.00262	0.00262
TGG	TGT	GT	0.16749	0.00380	0.00412	-0.16749	0.00449	0.00412	0.00206	0.00206
TGG	TGC	GC	0.20822	0.00739	0.00819	-0.20822	0.00910	0.00819	0.00409	0.00409
CTT	TTT	CT	0.99260	0.02080	0.03281	-0.99260	0.05614	0.03281	0.01641	0.01641
CTC	TTC	CT	0.83803	0.02666	0.03937	-0.83803	0.06162	0.03937	0.01968	0.01968
CTC	CTT	CT	0.41877	0.02666	0.03263	-0.41877	0.04052	0.03263	0.03263	0.03263
CTA	TTA	CT	0.38570	0.01062	0.01280	-0.38570	0.01562	0.01280	0.01280	0.01280
CTA	CTT	AT	1.57718	0.00432	0.00860	-1.57718	0.02094	0.00860	0.00860	0.00860
CTA	CTC	AC	1.15842	0.00842	0.01422	-1.15842	0.02683	0.01422	0.01422	0.01422
CTG	TTG	CT	-0.85945	0.08972	0.05662	0.85945	0.03799	0.05662	0.05662	0.05662
CTG	CTT	GT	-1.08817	0.03654	0.02020	1.08817	0.01231	0.02020	0.02020	0.02020
CTG	CTC	GC	-1.50694	0.07116	0.03053	1.50694	0.01577	0.03053	0.03053	0.03053
CTG	CTA	GA	-2.66536	0.22170	0.04419	2.66536	0.01542	0.04419	0.04419	0.04419
CCT	TCT	CT	0.32568	0.01950	0.02285	-0.32568	0.02701	0.02285	0.01143	0.01143
CCT	CTT	CT	0.73114	0.01950	0.02750	-0.73114	0.04052	0.02750	0.01375	0.01375
CCC	TCC	CT	0.88212	0.01712	0.02577	-0.88212	0.04136	0.02577	0.01288	0.01288
CCC	CTC	CT	1.10934	0.01712	0.02834	-1.10934	0.05191	0.02834	0.01417	0.01417
CCC	CCT	CT	0.79697	0.01712	0.02484	-0.79697	0.03799	0.02484	0.02484	0.02484
CCA	TCA	CT	0.39291	0.01539	0.01861	-0.39291	0.02279	0.01861	0.00930	0.00930
CCA	CTA	CT	0.29574	0.01539	0.01777	-0.29574	0.02068	0.01777	0.00889	0.00889
CCA	CCT	AT	1.14179	0.00627	0.01051	-1.14179	0.01963	0.01051	0.01051	0.01051
CCA	CCC	AC	0.34482	0.01220	0.01443	-0.34482	0.01723	0.01443	0.01443	0.01443
CCG	TCG	CT	0.97676	0.00477	0.00747	-0.97676	0.01266	0.00747	0.00373	0.00373
CCG	CTG	CT	3.60143	0.00477	0.01765	-3.60143	0.17474	0.01765	0.00883	0.00883
CCG	CCT	GT	1.78211	0.00194	0.00416	-1.78211	0.01154	0.00416	0.00416	0.00416
CCG	CCC	GC	0.98515	0.00378	0.00595	-0.98515	0.01013	0.00595	0.00595	0.00595
CCG	CCA	GA	0.64033	0.01178	0.01595	-0.64033	0.02235	0.01595	0.01595	0.01595
CAT	TAT	CT	0.89338	0.01192	0.01803	-0.89338	0.02912	0.01803	0.00901	0.00901
CAT	CTT	AT	1.46167	0.00485	0.00924	-1.46167	0.02094	0.00924	0.00462	0.00462
CAT	CCT	AC	0.73053	0.00945	0.01332	-0.73053	0.01963	0.01332	0.00666	0.00666
CAC	TAC	CT	0.62440	0.02622	0.03526	-0.62440	0.04896	0.03526	0.01763	0.01763
CAC	CTC	AT	0.92105	0.01068	0.01634	-0.92105	0.02683	0.01634	0.00817	0.00817
CAC	CCC	AC	-0.18829	0.02080	0.01890	0.18829	0.01723	0.01890	0.00945	0.00945
CAC	CAT	CT	-0.12185	0.02622	0.02466	0.12185	0.02321	0.02466	0.02466	0.02466
CAA	CTA	AT	-0.03184	0.01103	0.01086	0.03184	0.01069	0.01086	0.00543	0.00543
CAA	CCA	AC	-0.32758	0.02149	0.01816	0.32758	0.01548	0.01816	0.00908	0.00908
CAA	CAT	AT	0.08368	0.01103	0.01150	-0.08368	0.01200	0.01150	0.00575	0.00575
CAA	CAC	AC	0.20553	0.02149	0.02377	-0.20553	0.02639	0.02377	0.01189	0.01189
CAG	CTG	AT	1.04442	0.03177	0.05120	-1.04442	0.09029	0.05120	0.02560	0.02560
CAG	CCG	AC	-2.55701	0.06188	0.01330	2.55701	0.00480	0.01330	0.00665	0.00665
CAG	CAT	GT	-1.50542	0.03177	0.01364	1.50542	0.00705	0.01364	0.00682	0.00682
CAG	CAC	GC	-1.38357	0.06188	0.02864	1.38357	0.01551	0.02864	0.01432	0.01432
CAG	CAA	GA	-1.58910	0.19278	0.07857	1.58910	0.03935	0.07857	0.07857	0.07857
CGT	TGT	CT	1.13091	0.00477	0.00796	-1.13091	0.01477	0.00796	0.00398	0.00398
CGT	CTT	GT	1.84665	0.00194	0.00426	-1.84665	0.01231	0.00426	0.00213	0.00213
CGT	CCT	GC	1.11551	0.00378	0.00628	-1.11551	0.01154	0.00628	0.00314	0.00314
CGT	CAT	GA	0.38498	0.01178	0.01419	-0.38498	0.01731	0.01419	0.00710	0.00710
CGC	TGC	CT	1.05808	0.01040	0.01686	-1.05808	0.02997	0.01686	0.00843	0.00843
CGC	CTC	GT	1.31433	0.00424	0.00761	-1.31433	0.01577	0.00761	0.00381	0.00381
CGC	CCC	GC	0.20499	0.00825	0.00913	-0.20499	0.01013	0.00913	0.00456	0.00456
CGC	CAC	GA	0.39328	0.02570	0.03109	-0.39328	0.03809	0.03109	0.01554	0.01554
CGC	CGT	CT	-0.11355	0.01040	0.00982	0.11355	0.00929	0.00982	0.00982	0.00982
CGA	CTA	GT	0.76866	0.00291	0.00417	-0.76866	0.00628	0.00417	0.00209	0.00209
CGA	CCA	GC	0.47292	0.00567	0.00712	-0.47292	0.00910	0.00712	0.00356	0.00356
CGA	CAA	GA	0.80050	0.01767	0.02568	-0.80050	0.03935	0.02568	0.01284	0.01284
CGA	CGT	AT	0.49919	0.00291	0.00370	-0.49919	0.00480	0.00370	0.00370	0.00370
CGA	CGC	AC	0.61275	0.00567	0.00759	-0.61275	0.01047	0.00759	0.00759	0.00759
CGG	TGG	CT	-0.25433	0.02340	0.02055	0.25433	0.01815	0.02055	0.01028	0.01028
CGG	CTG	GT	1.71708	0.00953	0.01995	-1.71708	0.05308	0.01995	0.00998	0.00998
CGG	CCG	GC	-1.88435	0.01856	0.00627	1.88435	0.00282	0.00627	0.00313	0.00313
CGG	CAG	GA	0.67266	0.05784	0.07945	-0.67266	0.11333	0.07945	0.03973	0.03973
CGG	CGT	GT	-1.21774	0.00953	0.00488	1.21774	0.00282	0.00488	0.00488	0.00488
CGG	CGC	GC	-1.10419	0.01856	0.01016	1.10419	0.00615	0.01016	0.01016	0.01016
CGG	CGA	GA	-1.71693	0.05784	0.02174	1.71693	0.01039	0.02174	0.02174	0.02174
ATT	TTT	AT	0.67701	0.01474	0.02029	-0.67701	0.02901	0.02029	0.01014	0.01014
ATT	CTT	AC	-0.31559	0.02871	0.02441	0.31559	0.02094	0.02441	0.01221	0.01221
ATC	TTC	AT	0.07115	0.02966	0.03072	-0.07115	0.03184	0.03072	0.01536	0.01536
ATC	CTC	AC	-0.76687	0.05776	0.03841	0.76687	0.02683	0.03841	0.01921	0.01921
ATC	ATT	CT	-0.03251	0.07281	0.07164	0.03251	0.07049	0.07164	0.07164	0.07164
ATA	TTA	AT	-0.17577	0.00962	0.00880	0.17577	0.00807	0.00880	0.00440	0.00440
ATA	CTA	AC	-0.56147	0.01874	0.01397	0.56147	0.01069	0.01397	0.00698	0.00698
ATA	ATT	AT	1.33130	0.00962	0.01740	-1.33130	0.03642	0.01740	0.01740	0.01740
ATA	ATC	AC	1.36382	0.01874	0.03433	-1.36382	0.07328	0.03433	0.03433	0.03433
ATG	TTG	AT	0.50663	0.01183	0.01507	-0.50663	0.01963	0.01507	0.00754	0.00754
ATG	CTG	AC	1.36608	0.02303	0.04224	-1.36608	0.09029	0.04224	0.02112	0.02112
ATG	ATT	GT	0.59350	0.01183	0.01568	-0.59350	0.02141	0.01568	0.00784	0.00784
ATG	ATC	GC	0.62601	0.02303	0.03099	-0.62601	0.04308	0.03099	0.01550	0.01550
ATG	ATA	GA	-0.73780	0.07176	0.04851	0.73780	0.03431	0.04851	0.02426	0.02426
ACT	TCT	AT	0.69409	0.00697	0.00967	-0.69409	0.01396	0.00967	0.00484	0.00484
ACT	CCT	AC	0.36841	0.01358	0.01623	-0.36841	0.01963	0.01623	0.00812	0.00812
ACT	ATT	CT	1.41515	0.01712	0.03200	-1.41515	0.07049	0.03200	0.01600	0.01600
ACC	TCC	AT	0.57697	0.01200	0.01580	-0.57697	0.02137	0.01580	0.00790	0.00790
ACC	CCC	AC	-0.30515	0.02338	0.01999	0.30515	0.01723	0.01999	0.01000	0.01000
ACC	ATC	CT	1.57106	0.02947	0.05845	-1.57106	0.14182	0.05845	0.02923	0.02923
ACC	ACT	CT	0.12340	0.02947	0.03133	-0.12340	0.03334	0.03133	0.03133	0.03133
ACA	TCA	AT	0.20229	0.00962	0.01063	-0.20229	0.01178	0.01063	0.00531	0.00531
ACA	CCA	AC	-0.19062	0.01874	0.01701	0.19062	0.01548	0.01701	0.00850	0.00850
ACA	ATA	CT	0.66660	0.02362	0.03236	-0.66660	0.04601	0.03236	0.01618	0.01618
ACA	ACT	AT	0.58276	0.00962	0.01269	-0.58276	0.01723	0.01269	0.01269	0.01269
ACA	ACC	AC	0.45936	0.01874	0.02337	-0.45936	0.02966	0.02337	0.02337	0.02337
ACG	TCG	AT	0.43465	0.00424	0.00522	-0.43465	0.00654	0.00522	0.00261	0.00261
ACG	CCG	AC	-0.54211	0.00825	0.00622	0.54211	0.00480	0.00622	0.00311	0.00311
ACG	ATG	CT	1.69324	0.01040	0.02158	-1.69324	0.05656	0.02158	0.01079	0.01079
ACG	ACT	GT	0.87159	0.00424	0.00635	-0.87159	0.01013	0.00635	0.00635	0.00635
ACG	ACC	GC	0.74820	0.00825	0.01172	-0.74820	0.01744	0.01172	0.01172	0.01172
ACG	ACA	GA	0.28884	0.02570	0.02960	-0.28884	0.03431	0.02960	0.02960	0.02960
AAT	TAT	AT	0.03890	0.01447	0.01476	-0.03890	0.01505	0.01476	0.00738	0.00738
AAT	CAT	AC	-0.85448	0.02819	0.01784	0.85448	0.01200	0.01784	0.00892	0.00892
AAT	ATT	AT	0.92278	0.01447	0.02217	-0.92278	0.03642	0.02217	0.01108	0.01108
AAT	ACT	AC	-0.49237	0.02819	0.02182	0.49237	0.01723	0.02182	0.01091	0.01091
AAC	TAC	AT	0.87912	0.01050	0.01579	-0.87912	0.02530	0.01579	0.00789	0.00789
AAC	CAC	AC	0.25472	0.02046	0.02317	-0.25472	0.02639	0.02317	0.01159	0.01159
AAC	ATC	AT	1.94264	0.01050	0.02382	-1.94264	0.07328	0.02382	0.01191	0.01191
AAC	ACC	AC	0.37158	0.02046	0.02449	-0.37158	0.02966	0.02449	0.01225	0.01225
AAC	AAT	CT	0.98735	0.02579	0.04058	-0.98735	0.06922	0.04058	0.04058	0.04058
AAA	CAA	AC	-0.52088	0.04590	0.03498	0.52088	0.02726	0.03498	0.01749	0.01749
AAA	ATA	AT	0.00876	0.02357	0.02367	-0.00876	0.02377	0.02367	0.01183	0.01183
AAA	ACA	AC	-0.65785	0.04590	0.03244	0.65785	0.02377	0.03244	0.01622	0.01622
AAA	AAT	AT	0.41727	0.02357	0.02882	-0.41727	0.03577	0.02882	0.01441	0.01441
AAA	AAC	AC	-0.57007	0.04590	0.03405	0.57007	0.02595	0.03405	0.01703	0.01703
AAG	CAG	AC	0.20795	0.06377	0.07063	-0.20795	0.07852	0.07063	0.03532	0.03532
AAG	ATG	AT	-0.11371	0.03274	0.03092	0.11371	0.02923	0.03092	0.01546	0.01546
AAG	ACG	AC	-1.80695	0.06377	0.02263	1.80695	0.01047	0.02263	0.01132	0.01132
AAG	AAT	GT	-0.44299	0.03274	0.02603	0.44299	0.02103	0.02603	0.01301	0.01301
AAG	AAC	GC	-1.43034	0.06377	0.02868	1.43034	0.01526	0.02868	0.01434	0.01434
AAG	AAA	GA	-0.86026	0.19867	0.12532	0.86026	0.08405	0.12532	0.12532	0.12532
AGT	TGT	AT	-0.00590	0.00768	0.00766	0.00590	0.00763	0.00766	0.00383	0.00383
AGT	CGT	AC	-1.13681	0.01495	0.00803	1.13681	0.00480	0.00803	0.00402	0.00402
AGT	ATT	GT	1.02543	0.00768	0.01228	-1.02543	0.02141	0.01228	0.00614	0.00614
AGT	ACT	GC	-0.38972	0.01495	0.01223	0.38972	0.01013	0.01223	0.00611	0.00611
AGT	AAT	GA	0.10265	0.04659	0.04902	-0.10265	0.05163	0.04902	0.02451	0.02451
AGC	TGC	AT	0.13690	0.01350	0.01445	-0.13690	0.01548	0.01445	0.00722	0.00722
AGC	CGC	AC	-0.92118	0.02630	0.01602	0.92118	0.01047	0.01602	0.00801	0.00801
AGC	ATC	GT	1.16002	0.01350	0.02282	-1.16002	0.04308	0.02282	0.01141	0.01141
AGC	ACC	GC	-0.41104	0.02630	0.02126	0.41104	0.01744	0.02126	0.01063	0.01063
AGC	AAC	GA	-0.78262	0.08193	0.05401	0.78262	0.03746	0.05401	0.02701	0.02701
AGC	AGT	CT	0.10207	0.03316	0.03488	-0.10207	0.03672	0.03488	0.03488	0.03488
AGA	CGA	AC	-1.16328	0.02303	0.01218	1.16328	0.00720	0.01218	0.01218	0.01218
AGA	ATA	GT	0.16685	0.01183	0.01284	-0.16685	0.01397	0.01284	0.00642	0.00642
AGA	ACA	GC	-0.49975	0.02303	0.01776	0.49975	0.01397	0.01776	0.00888	0.00888
AGA	AAA	GA	0.15810	0.07176	0.07758	-0.15810	0.08405	0.07758	0.03879	0.03879
AGA	AGT	AT	0.47272	0.01183	0.01484	-0.47272	0.01897	0.01484	0.00742	0.00742
AGA	AGC	AC	0.37065	0.02303	0.02757	-0.37065	0.03337	0.02757	0.01378	0.01378
AGG	TGG	AT	0.24702	0.00733	0.00827	-0.24702	0.00938	0.00827	0.00413	0.00413
AGG	CGG	AC	0.50134	0.01427	0.01814	-0.50134	0.02355	0.01814	0.01814	0.01814
AGG	ATG	GT	0.85235	0.00733	0.01089	-0.85235	0.01718	0.01089	0.00544	0.00544
AGG	ACG	GC	-0.84090	0.01427	0.00910	0.84090	0.00615	0.00910	0.00455	0.00455
AGG	AAG	GA	0.96605	0.04445	0.06932	-0.96605	0.11679	0.06932	0.03466	0.03466
AGG	AGT	GT	0.42041	0.00733	0.00897	-0.42041	0.01115	0.00897	0.00449	0.00449
AGG	AGC	GC	0.31834	0.01427	0.01666	-0.31834	0.01962	0.01666	0.00833	0.00833
AGG	AGA	GA	-0.05231	0.04445	0.04329	0.05231	0.04218	0.04329	0.04329	0.04329
GTT	TTT	GT	1.15282	0.00538	0.00907	-1.15282	0.01705	0.00907	0.00454	0.00454
GTT	CTT	GC	0.16022	0.01049	0.01135	-0.16022	0.01231	0.01135	0.00567	0.00567
GTT	ATT	GA	0.47581	0.03267	0.04105	-0.47581	0.05257	0.04105	0.02053	0.02053
GTC	TTC	GT	0.52067	0.01112	0.01427	-0.52067	0.01872	0.01427	0.00713	0.00713
GTC	CTC	GC	-0.31735	0.02166	0.01840	0.31735	0.01577	0.01840	0.00920	0.00920
GTC	ATC	GA	0.44952	0.06747	0.08377	-0.44952	0.10577	0.08377	0.04189	0.04189
GTC	GTT	CT	-0.05880	0.02731	0.02651	0.05880	0.02575	0.02651	0.02651	0.02651
GTA	TTA	GT	0.22306	0.00380	0.00423	-0.22306	0.00474	0.00423	0.00212	0.00212
GTA	CTA	GC	-0.16264	0.00739	0.00681	0.16264	0.00628	0.00681	0.00340	0.00340
GTA	ATA	GA	0.39884	0.02303	0.02792	-0.39884	0.03431	0.02792	0.01396	0.01396
GTA	GTT	AT	1.25433	0.00380	0.00666	-1.25433	0.01330	0.00666	0.00666	0.00666
GTA	GTC	AC	1.31313	0.00739	0.01328	-1.31313	0.02748	0.01328	0.01328	0.01328
GTG	TTG	GT	-0.64027	0.02189	0.01562	0.64027	0.01154	0.01562	0.00781	0.00781
GTG	CTG	GC	0.21918	0.04263	0.04747	-0.21918	0.05308	0.04747	0.02374	0.02374
GTG	ATG	GA	-1.14690	0.13281	0.07090	1.14690	0.04218	0.07090	0.03545	0.03545
GTG	GTT	GT	-1.02921	0.02189	0.01252	1.02921	0.00782	0.01252	0.01252	0.01252
GTG	GTC	GC	-0.97040	0.04263	0.02524	0.97040	0.01615	0.02524	0.02524	0.02524
GTG	GTA	GA	-2.28354	0.13281	0.03442	2.28354	0.01354	0.03442	0.03442	0.03442
GCT	TCT	GT	-0.51120	0.01368	0.01048	0.51120	0.00821	0.01048	0.00524	0.00524
GCT	CCT	GC	-0.83687	0.02664	0.01703	0.83687	0.01154	0.01703	0.00852	0.00852
GCT	ACT	GA	-1.20529	0.08300	0.04280	1.20529	0.02487	0.04280	0.02140	0.02140
GCT	GTT	CT	-0.26595	0.03359	0.02932	0.26595	0.02575	0.02932	0.01466	0.01466
GCC	TCC	GT	-0.21217	0.01553	0.01394	0.21217	0.01256	0.01394	0.00697	0.00697
GCC	CCC	GC	-1.09429	0.03025	0.01666	1.09429	0.01013	0.01666	0.00833	0.00833
GCC	ACC	GA	-0.78914	0.09425	0.06190	0.78914	0.04281	0.06190	0.03095	0.03095
GCC	GTC	CT	0.33240	0.03814	0.04483	-0.33240	0.05318	0.04483	0.02242	0.02242
GCC	GCT	CT	0.53954	0.03814	0.04935	-0.53954	0.06542	0.04935	0.04935	0.04935
GCA	TCA	GT	-0.19155	0.00838	0.00761	0.19155	0.00692	0.00761	0.00380	0.00380
GCA	CCA	GC	-0.58445	0.01633	0.01202	0.58445	0.00910	0.01202	0.00601	0.00601
GCA	ACA	GA	-0.39384	0.05087	0.04151	0.39384	0.03431	0.04151	0.02076	0.02076
GCA	GTA	CT	-0.12607	0.02059	0.01932	0.12607	0.01815	0.01932	0.00966	0.00966
GCA	GCT	AT	1.39420	0.00838	0.01555	-1.39420	0.03381	0.01555	0.01555	0.01555
GCA	GCC	AC	0.85466	0.01633	0.02429	-0.85466	0.03839	0.02429	0.02429	0.02429
GCG	TCG	GT	0.68350	0.00194	0.00268	-0.68350	0.00385	0.00268	0.00134	0.00134
GCG	CCG	GC	-0.29326	0.00378	0.00325	0.29326	0.00282	0.00325	0.00163	0.00163
GCG	ACG	GA	0.24885	0.01178	0.01331	-0.24885	0.01511	0.01331	0.00665	0.00665
GCG	GTG	CT	3.08899	0.00477	0.01543	-3.08899	0.10467	0.01543	0.00771	0.00771
GCG	GCT	GT	2.32573	0.00194	0.00500	-2.32573	0.01987	0.00500	0.00500	0.00500
GCG	GCC	GC	1.78618	0.00378	0.00811	-1.78618	0.02256	0.00811	0.00811	0.00811
GCG	GCA	GA	0.93152	0.01178	0.01811	-0.93152	0.02991	0.01811	0.01811	0.01811
GAT	TAT	GT	-0.50453	0.01465	0.01126	0.50453	0.00885	0.01126	0.00563	0.00563
GAT	CAT	GC	-1.39791	0.02853	0.01309	1.39791	0.00705	0.01309	0.00655	0.00655
GAT	AAT	GA	-0.54343	0.08889	0.06692	0.54343	0.05163	0.06692	0.03346	0.03346
GAT	GTT	AT	-0.09646	0.01465	0.01396	0.09646	0.01330	0.01396	0.00698	0.00698
GAT	GCT	AC	0.16949	0.02853	0.03102	-0.16949	0.03381	0.03102	0.01551	0.01551
GAC	TAC	GT	-0.50785	0.02471	0.01897	0.50785	0.01487	0.01897	0.00948	0.00948
GAC	CAC	GC	-1.13226	0.04813	0.02592	1.13226	0.01551	0.02592	0.01296	0.01296
GAC	AAC	GA	-1.38698	0.14994	0.06926	1.38698	0.03746	0.06926	0.03463	0.03463
GAC	GTC	AT	0.10615	0.02471	0.02605	-0.10615	0.02748	0.02605	0.01302	0.01302
GAC	GCC	AC	-0.22625	0.04813	0.04289	0.22625	0.03839	0.04289	0.02145	0.02145
GAC	GAT	CT	0.14380	0.06068	0.06515	-0.14380	0.07006	0.06515	0.06515	0.06515
GAA	CAA	GC	-1.27008	0.05707	0.02830	1.27008	0.01603	0.02830	0.01415	0.01415
GAA	AAA	GA	-0.74920	0.17779	0.11943	0.74920	0.08405	0.11943	0.05971	0.05971
GAA	GTA	AT	-1.13928	0.02930	0.01571	1.13928	0.00938	0.01571	0.00786	0.00786
GAA	GCA	AC	-1.01321	0.05707	0.03296	1.01321	0.02072	0.03296	0.01648	0.01648
GAA	GAT	AT	0.21151	0.02930	0.03251	-0.21151	0.03620	0.03251	0.01626	0.01626
GAA	GAC	AC	0.06771	0.05707	0.05902	-0.06771	0.06107	0.05902	0.02951	0.02951
GAG	CAG	GC	-0.46628	0.07357	0.05775	0.46628	0.04615	0.05775	0.02887	0.02887
GAG	AAG	GA	-0.67423	0.22920	0.16055	0.67423	0.11679	0.16055	0.08027	0.08027
GAG	GTG	AT	0.35896	0.03778	0.04496	-0.35896	0.05409	0.04496	0.02248	0.02248
GAG	GCG	AC	-2.73003	0.07357	0.01401	2.73003	0.00480	0.01401	0.00701	0.00701
GAG	GAT	GT	-0.57379	0.03778	0.02797	0.57379	0.02128	0.02797	0.01398	0.01398
GAG	GAC	GC	-0.71759	0.07357	0.05030	0.71759	0.03590	0.05030	0.02515	0.02515
GAG	GAA	GA	-0.78530	0.22920	0.15086	0.78530	0.10451	0.15086	0.15086	0.15086
GGT	TGT	GT	-0.14884	0.00521	0.00483	0.14884	0.00449	0.00483	0.00241	0.00241
GGT	CGT	GC	-1.27975	0.01014	0.00500	1.27975	0.00282	0.00500	0.00250	0.00250
GGT	AGT	GA	-0.14294	0.03160	0.02939	0.14294	0.02739	0.02939	0.01470	0.01470
GGT	GTT	GT	0.40668	0.00521	0.00634	-0.40668	0.00782	0.00634	0.00317	0.00317
GGT	GCT	GC	0.67263	0.01014	0.01393	-0.67263	0.01987	0.01393	0.00697	0.00697
GGT	GAT	GA	0.50314	0.03160	0.04021	-0.50314	0.05226	0.04021	0.02010	0.02010
GGC	TGC	GT	-0.17616	0.01086	0.00993	0.17616	0.00910	0.00993	0.00496	0.00496
GGC	CGC	GC	-1.23424	0.02114	0.01071	1.23424	0.00615	0.01071	0.00536	0.00536
GGC	AGC	GA	-0.31306	0.06587	0.05609	0.31306	0.04816	0.05609	0.02805	0.02805
GGC	GTC	GT	0.39744	0.01086	0.01316	-0.39744	0.01615	0.01316	0.00658	0.00658
GGC	GCC	GC	0.06504	0.02114	0.02184	-0.06504	0.02256	0.02184	0.01092	0.01092
GGC	GAC	GA	0.29130	0.06587	0.07593	-0.29130	0.08814	0.07593	0.03796	0.03796
GGC	GGT	CT	-0.06804	0.02666	0.02576	0.06804	0.02490	0.02576	0.02576	0.02576
GGA	CGA	GC	-1.31854	0.01581	0.00762	1.31854	0.00423	0.00762	0.00381	0.00381
GGA	AGA	GA	-0.15526	0.04927	0.04554	0.15526	0.04218	0.04554	0.02277	0.02277
GGA	GTA	GT	-0.38724	0.00812	0.00665	0.38724	0.00551	0.00665	0.00332	0.00332
GGA	GCA	GC	-0.26117	0.01581	0.01384	0.26117	0.01218	0.01384	0.00692	0.00692
GGA	GAA	GA	0.75204	0.04927	0.07009	-0.75204	0.10451	0.07009	0.03505	0.03505
GGA	GGT	AT	0.46041	0.00812	0.01013	-0.46041	0.01287	0.01013	0.01013	0.01013
GGA	GGC	AC	0.52845	0.01581	0.02036	-0.52845	0.02683	0.02036	0.02036	0.02036
GGG	TGG	GT	-0.42980	0.00847	0.00678	0.42980	0.00551	0.00678	0.00339	0.00339
GGG	CGG	GC	-0.17547	0.01650	0.01510	0.17547	0.01385	0.01510	0.00755	0.00755
GGG	AGG	GA	-0.67682	0.05141	0.03596	0.67682	0.02613	0.03596	0.01798	0.01798
GGG	GTG	GT	1.32243	0.00847	0.01528	-1.32243	0.03179	0.01528	0.00764	0.00764
GGG	GCG	GC	-1.76656	0.01650	0.00601	1.76656	0.00282	0.00601	0.00300	0.00300
GGG	GAG	GA	0.96347	0.05141	0.08009	-0.96347	0.13473	0.08009	0.04005	0.04005
GGG	GGT	GT	-0.11346	0.00847	0.00800	0.11346	0.00756	0.00800	0.00800	0.00800
GGG	GGC	GC	-0.04542	0.01650	0.01613	0.04542	0.01577	0.01613	0.01613	0.01613
GGG	GGA	GA	-0.57387	0.05141	0.03806	0.57387	0.02896	0.03806	0.03806	0.03806


Histograms
2Ns	FMut	FSub(CodonUsage)	FSubw(after w)

-3.42993	0.01147	0.00134	0.00106
-3.08694	0.00687	0.00117	0.00093
-2.74394	0.01938	0.00441	0.00615
-2.40095	0.01408	0.00399	0.00554
-2.05796	0.00671	0.00241	0.00191
-1.71497	0.05146	0.02314	0.02563
-1.37197	0.07362	0.03973	0.04018
-1.02898	0.12165	0.08145	0.08730
-0.68599	0.16563	0.13231	0.12961
-0.34299	0.13311	0.12849	0.11203
0.00000	0.14156	0.16310	0.17931
0.34299	0.09431	0.12849	0.11203
0.68599	0.08277	0.13231	0.12961
1.02898	0.04461	0.08145	0.08730
1.37197	0.01878	0.03973	0.04018
1.71497	0.00980	0.02314	0.02563
2.05796	0.00090	0.00241	0.00191
2.40095	0.00133	0.00399	0.00554
2.74394	0.00133	0.00441	0.00615
3.08694	0.00031	0.00117	0.00093
3.42993	0.00031	0.00134	0.00106

Proportion of advantageous (S > 0) mutations:
 0.32174

Proportions of good & bad mutations (|S| > 2.0000) among mutations:
0.00350  0.05370

mean |Ns| = 0.83250	mean Ns+ = 0.59851	mean Ns- = -0.94350

