

TREE # 1

  0  0.0000  13171.556541  x:  0.39940   0.15165   0.20001   0.00418   0.05975   0.06441   0.03415   0.04895   0.11653   0.00000   0.11312   0.08522   0.05522   0.02658   0.15753   0.21390   0.14363   0.10602   0.14881   0.43880   0.12569   0.29731   0.58178   0.50032   0.48177   0.59964   0.41935   0.43996  
  1 99.0000  12902.983118  x:  0.42407   0.21392   0.23905   0.27446   0.00926   0.00333   0.00000   0.01401   0.09970   0.27695   0.16540   0.19780   0.07700   0.08983   0.19972   0.27148   0.22301   0.18741   0.19333   0.46320   0.19097   0.34635   0.71526   0.48653   0.48345   0.61938   0.35911   0.43808  
  2 3893.6110  12887.578283  x:  0.42480   0.21575   0.24020   0.28243   0.00777   0.00154   0.00006   0.01298   0.09920   0.28511   0.16694   0.20112   0.07764   0.09170   0.20097   0.27318   0.22535   0.18981   0.19464   0.46392   0.19290   0.34780   0.71920   0.48612   0.48350   0.61996   0.35733   0.43803  
  3 695827.4543  12856.964330  x:  0.42985   0.22645   0.24589   0.31987   0.00686   0.04234   0.00011   0.01313   0.09425   0.32534   0.17518   0.21927   0.08004   0.09935   0.20811   0.28315   0.23937   0.20347   0.20245   0.46887   0.20474   0.35709   0.74553   0.48328   0.48385   0.62405   0.34450   0.43776  
  4 8249.4881  12787.747541  x:  0.44911   0.25176   0.25068   0.33996   0.12569   0.05422   0.00007   0.07680   0.06405   0.36547   0.18814   0.25204   0.07326   0.09003   0.22336   0.30729   0.27580   0.23244   0.22159   0.48738   0.23760   0.38620   0.83805   0.47233   0.48544   0.64007   0.29091   0.43780  
  5 2384.8203  12635.812373  x:  0.48632   0.28414   0.24512   0.27669   0.11853   0.05008   0.00007   0.03748   0.00000   0.35116   0.19397   0.27910   0.05182   0.04341   0.23768   0.33893   0.32770   0.26150   0.24358   0.52243   0.28185   0.43086   1.00229   0.45156   0.48939   0.67171   0.19282   0.44111  
  6 1340.8079  12580.483987  x:  0.51868   0.31182   0.24407   0.21964   0.11418   0.04687   0.00006   0.01210   0.05552   0.33526   0.19815   0.30042   0.04950   0.02380   0.24873   0.36604   0.37195   0.28415   0.26059   0.55326   0.31584   0.46618   1.13946   0.43417   0.49290   0.69960   0.15139   0.44593  
  7 2497.1681  12426.030757  x:  0.60951   0.38795   0.23804   0.04614   0.06424   0.03553   0.00006   0.02146   0.07930   0.28890   0.21037   0.35716   0.09207   0.09091   0.27624   0.44019   0.49425   0.34113   0.30302   0.64177   0.39757   0.55444   1.51104   0.38701   0.50318   0.77957   0.23869   0.46538  
  8 2405.4806  12409.392700  x:  0.62596   0.38955   0.23037   0.05705   0.03022   0.03278   0.00007   0.06783   0.08665   0.27473   0.20196   0.35382   0.06561   0.07115   0.26588   0.44218   0.50530   0.33216   0.29076   0.65591   0.38743   0.55040   1.58407   0.38767   0.51739   0.79226   0.25254   0.46929  
  9 491.4376  12378.001474  x:  0.66383   0.37126   0.20480   0.11826   0.04913   0.03468   0.00006   0.03656   0.08604   0.24256   0.16989   0.32786   0.03786   0.05979   0.22197   0.42869   0.51206   0.28204   0.23165   0.68499   0.32154   0.50702   1.76509   0.41011   0.57521   0.81815   0.30430   0.47976  
 10 450.8874  12366.668597  x:  0.67894   0.35316   0.19696   0.13841   0.04632   0.03471   0.00007   0.04129   0.08581   0.23023   0.15853   0.31294   0.07668   0.06672   0.20560   0.41703   0.50625   0.25711   0.20455   0.69455   0.28350   0.48083   1.84852   0.42989   0.61184   0.82694   0.29616   0.48433  
 11 669.4878  12354.332123  x:  0.68912   0.29621   0.22655   0.11650   0.04421   0.03464   0.00007   0.04349   0.08863   0.25378   0.18929   0.29771   0.05872   0.08673   0.23403   0.39106   0.46870   0.25468   0.21516   0.69070   0.22565   0.43936   1.94445   0.49588   0.70034   0.82931   0.29451   0.49749  
 12 209.9678  12349.925011  x:  0.69020   0.26467   0.23418   0.11232   0.04530   0.03474   0.00007   0.04116   0.08754   0.26725   0.18847   0.29484   0.07273   0.05606   0.23337   0.37661   0.44547   0.26072   0.22575   0.68095   0.23414   0.44635   1.97576   0.53047   0.75249   0.83574   0.31457   0.51105  
 13 155.7016  12347.211248  x:  0.68824   0.24174   0.23002   0.11215   0.04417   0.03469   0.00007   0.04205   0.08917   0.26836   0.17363   0.29203   0.06541   0.06956   0.22039   0.36584   0.42651   0.26128   0.22592   0.66526   0.25967   0.46605   1.99236   0.55729   0.80430   0.84995   0.31279   0.52590  
 14 129.8317  12342.272206  x:  0.67930   0.27125   0.21937   0.11228   0.04322   0.03431   0.00007   0.04170   0.08922   0.24350   0.18605   0.31721   0.06454   0.06844   0.23265   0.40254   0.43805   0.25068   0.19878   0.58950   0.27097   0.47125   1.98379   0.59799   0.96972   0.95311   0.31472   0.56896  
 15 60.9947  12338.901727  x:  0.68782   0.30173   0.22259   0.11442   0.04298   0.03419   0.00006   0.04157   0.08865   0.22844   0.16919   0.30991   0.06492   0.07026   0.21523   0.40693   0.45585   0.27113   0.22807   0.53863   0.26016   0.45927   1.97215   0.61396   1.07891   1.04815   0.31302   0.59431  
 16 150.8699  12334.909829  x:  0.76186   0.31026   0.23796   0.10285   0.04396   0.03466   0.00007   0.04259   0.08794   0.24634   0.16938   0.27800   0.06482   0.06806   0.22842   0.36611   0.45936   0.25238   0.21985   0.50205   0.26894   0.45924   1.94580   0.60186   1.17187   1.21577   0.31117   0.60738  
 17 72.9490  12331.015040  x:  0.86616   0.27064   0.20545   0.10262   0.04426   0.03479   0.00007   0.04287   0.08890   0.23656   0.18695   0.29943   0.06483   0.06945   0.22456   0.36990   0.43046   0.26334   0.23037   0.46504   0.26151   0.45277   1.91826   0.60847   1.22559   1.38601   0.30870   0.59740  
 18 96.9745  12327.542101  x:  0.97131   0.24571   0.24947   0.09610   0.04421   0.03481   0.00007   0.04352   0.08714   0.22492   0.16655   0.31559   0.06336   0.06933   0.21040   0.40607   0.41722   0.26458   0.21773   0.40603   0.25460   0.45623   1.89912   0.66872   1.23799   1.52015   0.30726   0.56860  
 19 90.0090  12322.823571  x:  1.10847   0.24424   0.24544   0.11557   0.04341   0.03455   0.00007   0.04222   0.08661   0.17678   0.17026   0.28766   0.06588   0.07202   0.24657   0.40197   0.42988   0.26623   0.22729   0.27744   0.26007   0.47604   1.89397   0.79704   1.21636   1.66089   0.30932   0.53252  
 20 93.3044  12317.812662  x:  1.23429   0.26160   0.21414   0.08525   0.04241   0.03467   0.00007   0.04448   0.08852   0.18896   0.19640   0.28648   0.06250   0.06871   0.20832   0.37627   0.44748   0.25624   0.21646   0.11316   0.25513   0.47489   1.89999   0.90891   1.17407   1.76740   0.30986   0.53912  
 21 118.7005  12313.747674  x:  1.31804   0.26542   0.20740   0.07516   0.04218   0.03473   0.00007   0.04517   0.08886   0.18308   0.17202   0.30492   0.06123   0.06790   0.22457   0.36287   0.43581   0.25026   0.21645   0.00000   0.25154   0.45996   1.91158   0.93636   1.14198   1.80878   0.30956   0.59401  
 22 96.0012  12313.747674  x:  1.31804   0.26542   0.20740   0.07516   0.04218   0.03473   0.00007   0.04517   0.08886   0.18308   0.17202   0.30492   0.06123   0.06790   0.22457   0.36287   0.43581   0.25026   0.21645   0.00000   0.25154   0.45996   1.91158   0.93636   1.14198   1.80878   0.30956   0.59401  
 23 182.0676  12280.243012  x:  1.31806   0.26542   0.20742   0.07501   0.04210   0.03469   0.02001   0.04499   0.08874   0.18297   0.17202   0.30488   0.06123   0.06782   0.22458   0.36289   0.43581   0.25026   0.21647   0.00002   0.25156   0.45998   1.91162   0.93633   1.14199   1.80878   0.30945   0.59402  
 24 27933.9712  12259.849174  x:  1.31970   0.26535   0.20892   0.06042   0.02002   0.00969   0.02047   0.02549   0.07779   0.17263   0.17225   0.30125   0.06081   0.06070   0.22494   0.36449   0.43561   0.25059   0.21812   0.00110   0.25302   0.46157   1.91560   0.93404   1.14233   1.80885   0.29957   0.59512  
 25 677.3454  12256.296488  x:  1.32135   0.26538   0.21054   0.05045   0.01451   0.01778   0.02042   0.01946   0.07079   0.16323   0.17258   0.29804   0.06121   0.05609   0.22536   0.36605   0.43551   0.25090   0.21960   0.00226   0.25432   0.46298   1.91928   0.93182   1.14261   1.80895   0.29233   0.59617  
 26 449.5144  12251.959323  x:  1.32500   0.26557   0.21432   0.03516   0.02272   0.01730   0.02035   0.02254   0.06056   0.14371   0.17345   0.29149   0.06275   0.04899   0.22635   0.36945   0.43542   0.25158   0.22269   0.00492   0.25701   0.46590   1.92708   0.92699   1.14318   1.80922   0.27962   0.59843  
 27 525.6044  12244.929765  x:  1.33850   0.26718   0.22995   0.04501   0.01619   0.01722   0.02038   0.03243   0.06640   0.08273   0.17781   0.27190   0.07077   0.04638   0.23061   0.38151   0.43606   0.25389   0.23222   0.01543   0.26523   0.47489   1.95323   0.90985   1.14481   1.81046   0.25951   0.60631  
 28 301.9097  12242.073904  x:  1.34661   0.26856   0.24014   0.04791   0.02312   0.01726   0.02035   0.02204   0.06925   0.05637   0.18105   0.26339   0.07089   0.04941   0.23356   0.38859   0.43700   0.25493   0.23635   0.02207   0.26878   0.47897   1.96783   0.89968   1.14559   1.81136   0.26328   0.61084  
 29 412.7959  12239.828793  x:  1.35734   0.27065   0.25550   0.04285   0.01945   0.01714   0.02037   0.02689   0.06587   0.04018   0.18613   0.25645   0.06526   0.05322   0.23772   0.39781   0.43873   0.25555   0.23928   0.03080   0.27134   0.48257   1.98707   0.88572   1.14669   1.81263   0.27922   0.61677  
 30 253.0159  12236.219095  x:  1.38600   0.27347   0.29669   0.04719   0.02097   0.01726   0.02035   0.02542   0.06561   0.05197   0.19702   0.24660   0.05824   0.04551   0.24655   0.42013   0.44168   0.25350   0.23901   0.05057   0.27168   0.48819   2.04827   0.84258   1.15207   1.81541   0.27313   0.63397  
 31 150.7223  12234.703794  x:  1.40023   0.27345   0.30773   0.04386   0.02075   0.01713   0.02035   0.02504   0.06488   0.05741   0.19740   0.24689   0.06816   0.05678   0.24849   0.42668   0.44258   0.25234   0.23724   0.05927   0.26962   0.48918   2.08117   0.81947   1.15539   1.81668   0.26939   0.64271  
 32 268.4690  12229.187483  x:  1.45757   0.26522   0.28917   0.03739   0.02003   0.01709   0.02036   0.02570   0.07699   0.05809   0.16903   0.27587   0.06901   0.04925   0.24005   0.42286   0.44357   0.25018   0.22465   0.08719   0.25033   0.48342   2.22744   0.71747   1.17281   1.82095   0.27422   0.67865  
 33 182.6440  12227.971187  x:  1.46985   0.26292   0.27722   0.04640   0.02068   0.01720   0.02035   0.02559   0.06334   0.05974   0.17048   0.27799   0.06231   0.05447   0.23745   0.41736   0.44469   0.25354   0.22678   0.08888   0.24987   0.48412   2.26482   0.69508   1.17951   1.82041   0.27328   0.68648  
 34 165.8799  12226.884262  x:  1.47989   0.26136   0.25864   0.04401   0.02046   0.01716   0.02035   0.02568   0.06739   0.06677   0.18899   0.26890   0.06558   0.05215   0.23665   0.40632   0.44908   0.26169   0.23715   0.07955   0.25879   0.48920   2.30814   0.67886   1.19245   1.81595   0.27791   0.69275  
 35 84.9608  12226.369231  x:  1.48296   0.26031   0.25827   0.04102   0.02027   0.01717   0.02035   0.02589   0.07179   0.06724   0.18817   0.26316   0.05846   0.05728   0.23846   0.39950   0.45310   0.25583   0.23381   0.05951   0.26380   0.48924   2.33814   0.68239   1.20832   1.80740   0.27755   0.69371  
 36 41.3114  12225.385883  x:  1.48970   0.25859   0.26275   0.04443   0.02051   0.01717   0.02035   0.02576   0.06707   0.06660   0.18306   0.25701   0.06502   0.05267   0.24243   0.38959   0.46161   0.24493   0.22722   0.01443   0.27151   0.48672   2.39936   0.69472   1.24391   1.78771   0.28719   0.69489  
 37 150.0944  12224.955072  x:  1.49381   0.25786   0.26480   0.04428   0.02052   0.01717   0.02035   0.02575   0.06736   0.06580   0.18278   0.26160   0.06459   0.05297   0.24180   0.39273   0.46284   0.24942   0.23089   0.00000   0.27034   0.48380   2.41616   0.70066   1.25653   1.78056   0.28814   0.69529  
 38 69.2688  12224.674639  x:  1.51531   0.25702   0.25986   0.04434   0.02049   0.01716   0.02035   0.02579   0.06738   0.06522   0.18739   0.26200   0.06441   0.05306   0.23344   0.40540   0.45770   0.24936   0.22464   0.00000   0.26872   0.48353   2.42944   0.70886   1.27875   1.76872   0.28979   0.69846  
 39 27.7218  12224.386297  x:  1.55506   0.25989   0.25790   0.04433   0.02049   0.01714   0.02034   0.02578   0.06743   0.06680   0.18180   0.26178   0.06422   0.05320   0.24265   0.40398   0.45022   0.25254   0.22830   0.00000   0.26732   0.48801   2.43340   0.71382   1.30952   1.75326   0.29082   0.70500  
 40 24.6774  12224.309418  x:  1.56662   0.26104   0.26211   0.04419   0.02050   0.01713   0.02034   0.02574   0.06752   0.06584   0.18424   0.26298   0.06424   0.05318   0.23799   0.39738   0.45094   0.25152   0.23034   0.00000   0.26399   0.48642   2.43205   0.71172   1.31969   1.74833   0.29079   0.70678  
 41 16.1232  12224.281692  x:  1.56864   0.25894   0.26285   0.04416   0.02050   0.01711   0.02034   0.02572   0.06755   0.06474   0.18620   0.26604   0.06413   0.05319   0.23959   0.39803   0.45519   0.25154   0.22874   0.00000   0.26541   0.48581   2.42904   0.70508   1.32610   1.74509   0.29054   0.70689  
 42  5.1197  12224.256331  x:  1.56948   0.25602   0.26355   0.04413   0.02049   0.01709   0.02034   0.02570   0.06759   0.06486   0.18400   0.26440   0.06413   0.05325   0.23833   0.40007   0.45936   0.25312   0.22919   0.00000   0.26635   0.48493   2.42574   0.69729   1.33260   1.74147   0.29091   0.70682  
 43 10.8207  12224.251993  x:  1.56869   0.25495   0.26347   0.04412   0.02048   0.01708   0.02034   0.02570   0.06761   0.06475   0.18434   0.26381   0.06414   0.05324   0.23904   0.40053   0.45826   0.25230   0.22991   0.00000   0.26485   0.48457   2.42531   0.69556   1.33379   1.73988   0.29107   0.70679  
 44  2.4622  12224.244870  x:  1.56620   0.25573   0.26414   0.04409   0.02048   0.01705   0.02035   0.02568   0.06764   0.06468   0.18415   0.26456   0.06413   0.05324   0.23835   0.40059   0.45503   0.25205   0.23029   0.00000   0.26477   0.48734   2.42484   0.69269   1.33541   1.73500   0.29130   0.70705  
 45  2.0204  12224.235265  x:  1.56333   0.26007   0.26394   0.04408   0.02046   0.01700   0.02035   0.02564   0.06764   0.06446   0.18427   0.26387   0.06415   0.05322   0.23878   0.40066   0.45348   0.25324   0.22896   0.00000   0.26319   0.48770   2.42434   0.68967   1.33669   1.72690   0.29127   0.70769  
 46  3.5666  12224.208818  x:  1.56035   0.26297   0.26286   0.04408   0.02040   0.01683   0.02035   0.02552   0.06759   0.06477   0.18374   0.26418   0.06413   0.05318   0.23848   0.40159   0.45317   0.24998   0.23139   0.00000   0.26707   0.48366   2.42320   0.68578   1.33572   1.70190   0.29092   0.71026  
 47  3.3501  12224.178015  x:  1.55845   0.25837   0.26384   0.04404   0.02034   0.01663   0.02035   0.02538   0.06756   0.06469   0.18395   0.26323   0.06423   0.05307   0.23870   0.39946   0.45248   0.25258   0.22886   0.00000   0.26927   0.48105   2.42260   0.68299   1.33230   1.67298   0.29068   0.71236  
 48 10.3698  12224.149058  x:  1.55929   0.25513   0.26324   0.04403   0.02028   0.01642   0.02035   0.02523   0.06752   0.06478   0.18385   0.26324   0.06423   0.05302   0.23860   0.39984   0.45909   0.25173   0.22933   0.00000   0.26472   0.48718   2.42341   0.68161   1.32521   1.64798   0.29034   0.71160  
 49  6.1926  12224.094451  x:  1.57024   0.25697   0.26477   0.04389   0.02015   0.01597   0.02036   0.02489   0.06756   0.06411   0.18400   0.26453   0.06414   0.05301   0.23857   0.40202   0.45646   0.25322   0.23033   0.00000   0.26523   0.48555   2.42987   0.67323   1.29741   1.61934   0.29013   0.70020  
 50  2.2891  12224.063728  x:  1.57123   0.25690   0.26551   0.04383   0.02007   0.01567   0.02036   0.02466   0.06758   0.06370   0.18418   0.26527   0.06405   0.05301   0.23848   0.40337   0.45654   0.25412   0.23095   0.00000   0.26439   0.48537   2.43252   0.67378   1.28884   1.61968   0.29006   0.71811  
 51  1.1454  12223.916754  x:  1.56942   0.25674   0.26618   0.04372   0.01967   0.01409   0.02038   0.02356   0.06741   0.06333   0.18396   0.26577   0.06404   0.05268   0.23842   0.40445   0.45730   0.25503   0.23200   0.00000   0.26437   0.48521   2.44614   0.68702   1.33127   1.69462   0.28730   0.71092  
 52  0.9720  12223.886898  x:  1.56855   0.25648   0.26660   0.04460   0.02017   0.01417   0.02038   0.02413   0.06844   0.06443   0.18350   0.26748   0.06392   0.05312   0.23812   0.40542   0.45750   0.25613   0.23257   0.00000   0.26365   0.48432   2.45433   0.68848   1.33948   1.70123   0.28670   0.71103  
 53  0.0155  12223.886396  x:  1.56811   0.25641   0.26651   0.04457   0.02018   0.01415   0.02037   0.02412   0.06825   0.06475   0.18355   0.26769   0.06388   0.05311   0.23808   0.40535   0.45753   0.25630   0.23266   0.00000   0.26364   0.48421   2.45526   0.68842   1.34070   1.70118   0.28692   0.71098  
 54  0.0017  12223.886384  x:  1.56810   0.25641   0.26655   0.04455   0.02018   0.01416   0.02037   0.02411   0.06825   0.06473   0.18358   0.26769   0.06389   0.05309   0.23809   0.40538   0.45756   0.25633   0.23269   0.00000   0.26365   0.48422   2.45542   0.68844   1.34084   1.70119   0.28690   0.71097  
 55  0.0002  12223.886347  x:  1.56811   0.25640   0.26655   0.04453   0.02017   0.01416   0.02035   0.02411   0.06827   0.06473   0.18355   0.26771   0.06388   0.05310   0.23808   0.40539   0.45756   0.25633   0.23269   0.00000   0.26363   0.48421   2.45551   0.68838   1.34078   1.70090   0.28690   0.71100  
 56  0.0000  12223.886292  x:  1.56811   0.25640   0.26654   0.04454   0.02017   0.01416   0.02029   0.02411   0.06827   0.06473   0.18354   0.26772   0.06387   0.05310   0.23808   0.40539   0.45755   0.25633   0.23268   0.00000   0.26362   0.48421   2.45548   0.68837   1.34074   1.70086   0.28690   0.71100  
 57  0.0001  12223.886284  x:  1.56810   0.25641   0.26654   0.04455   0.02018   0.01416   0.02029   0.02411   0.06825   0.06473   0.18357   0.26769   0.06389   0.05310   0.23809   0.40537   0.45755   0.25632   0.23268   0.00000   0.26365   0.48422   2.45538   0.68843   1.34079   1.70116   0.28690   0.71097  
 58  0.0002  12223.886284  x:  1.56810   0.25641   0.26654   0.04455   0.02018   0.01416   0.02029   0.02411   0.06825   0.06473   0.18357   0.26769   0.06389   0.05310   0.23809   0.40537   0.45755   0.25632   0.23268   0.00000   0.26365   0.48422   2.45538   0.68843   1.34079   1.70116   0.28690   0.71097  
 59  0.0000  12223.886284  x:  1.56810   0.25641   0.26654   0.04455   0.02018   0.01416   0.02029   0.02411   0.06825   0.06473   0.18357   0.26769   0.06389   0.05310   0.23809   0.40537   0.45755   0.25632   0.23268   0.00000   0.26365   0.48422   2.45538   0.68843   1.34079   1.70116   0.28690   0.71097  