

TREE # 1

  0  0.0000  12613.776512  x:  0.39940   0.15165   0.20001   0.00418   0.05975   0.06441   0.03415   0.04895   0.11653   0.00000   0.11312   0.08522   0.05522   0.02658   0.15753   0.21390   0.14363   0.10602   0.14881   0.43880   0.12569   0.29731   1.00000   0.77093   0.86001   1.13172   1.45445   0.10032   0.24088  
  1 99.0000  12388.183324  x:  0.41636   0.19305   0.22361   0.14769   0.01446   0.01089   0.00000   0.01503   0.09733   0.12911   0.14532   0.16160   0.06432   0.06310   0.18276   0.24996   0.19655   0.15946   0.17627   0.45507   0.16344   0.32863   1.03846   0.76704   0.86074   1.13279   1.45904   0.09650   0.14862  
  2 2986.5220  12362.050395  x:  0.41853   0.19834   0.22662   0.16599   0.00870   0.00409   0.00048   0.01071   0.09487   0.14558   0.14942   0.17135   0.06548   0.06775   0.18598   0.25457   0.20330   0.16628   0.17977   0.45715   0.16826   0.33263   1.04337   0.76654   0.86083   1.13293   1.45962   0.09601   0.13684  
  3 157994.2212  12326.222379  x:  0.42741   0.21285   0.23102   0.18095   0.02179   0.04652   0.00054   0.02982   0.07962   0.16797   0.15746   0.19283   0.06405   0.06856   0.19393   0.26735   0.22282   0.18376   0.18958   0.46614   0.18316   0.34608   1.06313   0.76440   0.86099   1.13360   1.46046   0.09511   0.10243  
  4 2250.6197  12240.584613  x:  0.46025   0.25025   0.23070   0.12160   0.03418   0.02596   0.00045   0.02788   0.01298   0.16412   0.16696   0.23030   0.04638   0.03524   0.20940   0.30027   0.27604   0.22216   0.21289   0.50162   0.22328   0.38615   1.13700   0.75600   0.86110   1.13636   1.45516   0.09779   0.06655  
  5 1093.9340  12165.426833  x:  0.51697   0.30956   0.23184   0.05242   0.01181   0.04100   0.00045   0.01626   0.02270   0.16653   0.17605   0.28779   0.06103   0.04156   0.22691   0.35171   0.36225   0.27685   0.24090   0.56366   0.27977   0.44587   1.27337   0.73972   0.86215   1.14099   1.43674   0.10892   0.13282  
  6 1262.7577  12138.037522  x:  0.54764   0.33686   0.23106   0.02734   0.03976   0.02374   0.00041   0.02937   0.06090   0.16010   0.17821   0.31110   0.06868   0.04772   0.23344   0.37632   0.40345   0.29925   0.25143   0.59732   0.30491   0.47452   1.34818   0.73015   0.86278   1.14381   1.42616   0.11527   0.14880  
  7 2197.7028  12106.322357  x:  0.58971   0.35280   0.22210   0.03061   0.01241   0.02668   0.00040   0.02269   0.10974   0.10437   0.16838   0.30644   0.06679   0.04656   0.22905   0.39459   0.43580   0.29828   0.24606   0.64424   0.31580   0.49801   1.45588   0.71355   0.86415   1.14896   1.40626   0.12777   0.11272  
  8 699.7984  12075.677559  x:  0.65595   0.35777   0.21960   0.09985   0.03161   0.02612   0.00039   0.01948   0.07849   0.03716   0.15459   0.27893   0.06324   0.06955   0.21256   0.40919   0.46632   0.26961   0.21541   0.71964   0.30033   0.51119   1.63694   0.68149   0.86864   1.15829   1.35683   0.15992   0.12837  
  9 644.4966  12063.732997  x:  0.68615   0.34701   0.23826   0.10312   0.01549   0.01669   0.00044   0.05559   0.06702   0.04609   0.15903   0.25985   0.06572   0.07606   0.20922   0.40987   0.46824   0.24803   0.19660   0.75464   0.27528   0.50471   1.72981   0.66326   0.87364   1.16272   1.32443   0.18121   0.12733  
 10 591.1625  12036.287183  x:  0.74672   0.30537   0.29148   0.08029   0.02989   0.02542   0.00041   0.02760   0.06696   0.10734   0.17855   0.22007   0.06795   0.07328   0.21151   0.40085   0.45450   0.20355   0.16429   0.82581   0.20174   0.47640   1.93282   0.62174   0.88912   1.17146   1.24283   0.23503   0.10701  
 11 807.2295  12024.388586  x:  0.76694   0.25075   0.28452   0.08652   0.03004   0.02635   0.00042   0.03012   0.06923   0.12235   0.16875   0.23211   0.05739   0.05497   0.22087   0.36689   0.41511   0.23349   0.21381   0.85137   0.16056   0.46022   2.03553   0.60306   0.90921   1.17168   1.17620   0.27869   0.10741  
 12 276.3269  12021.038230  x:  0.76983   0.22861   0.27576   0.08002   0.03109   0.02540   0.00041   0.02873   0.06384   0.12392   0.16502   0.23994   0.07484   0.07009   0.22324   0.35364   0.39739   0.23934   0.22471   0.85577   0.15745   0.46234   2.06628   0.59946   0.92017   1.16978   1.14854   0.29645   0.09855  
 13 306.8484  12016.498911  x:  0.76353   0.19593   0.25470   0.07731   0.03121   0.02588   0.00042   0.02900   0.06487   0.13718   0.16767   0.25688   0.06172   0.07286   0.22200   0.33897   0.36892   0.22808   0.21168   0.85068   0.18644   0.48852   2.10401   0.60315   0.95155   1.15997   1.08525   0.33612   0.09526  
 14 156.7354  12013.104572  x:  0.74372   0.20450   0.24639   0.08179   0.03203   0.02600   0.00042   0.02982   0.06507   0.14024   0.17095   0.24847   0.08320   0.05140   0.21075   0.34421   0.37338   0.23132   0.20872   0.82948   0.19276   0.49276   2.12468   0.61932   1.00259   1.14027   1.00111   0.38459   0.09040  
 15 98.3163  12009.141232  x:  0.71573   0.22686   0.24738   0.07698   0.03181   0.02585   0.00042   0.02967   0.06524   0.13469   0.17350   0.23710   0.06824   0.07065   0.21013   0.35492   0.38764   0.23957   0.21342   0.79837   0.18755   0.48609   2.14535   0.64225   1.07458   1.11225   0.88874   0.44542   0.07950  
 16 250.5376  12008.281995  x:  0.71175   0.23046   0.26049   0.07895   0.03175   0.02565   0.00042   0.02997   0.06568   0.12404   0.17283   0.24924   0.07040   0.06865   0.23126   0.35800   0.38842   0.23230   0.21164   0.79181   0.18586   0.48205   2.14806   0.64562   1.09794   1.10475   0.86114   0.45205   0.07863  
 17 69.1807  12007.678737  x:  0.71862   0.22655   0.28821   0.08051   0.03206   0.02563   0.00042   0.02938   0.06578   0.11679   0.16938   0.24837   0.07067   0.06904   0.22571   0.36129   0.38244   0.23199   0.21995   0.79174   0.19734   0.48385   2.14628   0.64026   1.13067   1.09934   0.83775   0.43465   0.07846  
 18 28.4382  12005.891605  x:  0.76284   0.22099   0.27940   0.07910   0.03162   0.02546   0.00042   0.02931   0.06641   0.10982   0.19102   0.25290   0.06983   0.06971   0.22044   0.36982   0.37672   0.24224   0.21062   0.80014   0.20070   0.46499   2.13524   0.60402   1.25910   1.09035   0.75468   0.32315   0.07798  
 19 36.0319  12004.572452  x:  0.79228   0.22631   0.26744   0.07637   0.03162   0.02556   0.00042   0.02924   0.06586   0.12064   0.16351   0.24616   0.06908   0.06867   0.22706   0.35545   0.38625   0.23650   0.20887   0.79925   0.20182   0.46377   2.13214   0.58493   1.34375   1.09043   0.69053   0.23234   0.07672  
 20 100.3387  12002.696479  x:  0.81032   0.21698   0.25675   0.07533   0.03157   0.02540   0.00042   0.02914   0.06535   0.12107   0.17455   0.23695   0.06872   0.06842   0.23065   0.35797   0.39822   0.21022   0.23410   0.75290   0.17804   0.49908   2.15842   0.60807   1.41636   1.12213   0.58063   0.06319   0.07751  
 21 44.1265  12000.198495  x:  0.83005   0.20453   0.26590   0.07080   0.03147   0.02498   0.00041   0.02848   0.06502   0.11376   0.16323   0.25117   0.06632   0.06693   0.21721   0.35534   0.40712   0.23033   0.20725   0.68036   0.14817   0.52384   2.19794   0.64712   1.48061   1.18369   0.42017  -0.16214   0.07539  
 22 131.2050  11997.705617  x:  0.86607   0.20510   0.26956   0.07033   0.03128   0.02469   0.00041   0.02810   0.06531   0.10644   0.17297   0.22312   0.06721   0.06615   0.24213   0.34658   0.40541   0.25043   0.19906   0.61424   0.18311   0.50083   2.22839   0.67562   1.50162   1.27397   0.22756  -0.38064   0.07406  
 23 101.7731  11994.694010  x:  0.92290   0.22008   0.26524   0.06346   0.03061   0.02454   0.00041   0.02771   0.06610   0.10065   0.16891   0.24305   0.06602   0.06506   0.22475   0.35310   0.40492   0.22674   0.21264   0.54358   0.22014   0.44303   2.25019   0.69865   1.50517   1.39020  -0.01895  -0.62803   0.06847  
 24 202.3086  11993.121986  x:  0.99660   0.23068   0.26685   0.06103   0.02999   0.02476   0.00042   0.02768   0.06726   0.09738   0.16178   0.23951   0.06707   0.06529   0.23212   0.38123   0.38860   0.22976   0.21392   0.52875   0.19921   0.47836   2.21306   0.68286   1.47419   1.44387  -0.17149  -0.72252   0.06477  
 25 39.0317  11992.603751  x:  1.02827   0.23824   0.27268   0.06047   0.02975   0.02477   0.00042   0.02754   0.06812   0.09229   0.17355   0.24290   0.06745   0.06522   0.22891   0.36036   0.39405   0.22970   0.21404   0.52474   0.19216   0.49139   2.19939   0.68214   1.46073   1.44990  -0.21712  -0.74745   0.06340  
 26 43.4033  11991.040682  x:  1.16339   0.19609   0.27268   0.05729   0.02931   0.02470   0.00042   0.02723   0.06871   0.08939   0.17069   0.23976   0.06785   0.06455   0.23080   0.36450   0.42511   0.23163   0.21186   0.48465   0.19372   0.48342   2.18468   0.73533   1.40311   1.35196  -0.29154  -0.79534   0.06053  
 27 14.6860  11987.773597  x:  1.34051   0.18881   0.27296   0.05009   0.02877   0.02366   0.00042   0.02662   0.06911   0.07619   0.17213   0.23670   0.06744   0.06187   0.23033   0.36666   0.43855   0.23219   0.21040   0.28410   0.20172   0.48343   2.22242   0.64713   1.28691   1.14422  -0.36258  -0.85601   0.05749  
 28 28.5898  11986.396641  x:  1.32600   0.25043   0.26828   0.04603   0.02873   0.02346   0.00042   0.02632   0.06881   0.07493   0.17127   0.23714   0.06679   0.06016   0.22960   0.36497   0.37380   0.23292   0.21038   0.31694   0.20104   0.48687   2.25374   0.66324   1.25929   1.07226  -0.33847  -0.85272   0.05703  
 29  6.9344  11979.994115  x:  1.05909   0.20234   0.27140   0.03015   0.02704   0.02189   0.00043   0.02572   0.07103   0.04519   0.17264   0.23577   0.06500   0.05311   0.22946   0.37348   0.44526   0.23471   0.20895   0.55938   0.20961   0.49616   2.32077   0.57811   1.17984   0.95782  -0.18123  -0.70215   0.05353  
 30 14.0941  11976.255104  x:  1.18308   0.22319   0.26833   0.02227   0.02641   0.02045   0.00043   0.02491   0.07182   0.03688   0.16973   0.23862   0.06362   0.04988   0.23047   0.37661   0.43385   0.23529   0.21094   0.50013   0.21026   0.50261   2.37287   0.65358   1.33771   1.21864   0.07616  -0.43722   0.05577  
 31  9.0010  11964.097922  x:  1.25158   0.24305   0.26313   0.04568   0.02375   0.01522   0.00045   0.02301   0.07654   0.06498   0.17396   0.27784   0.06540   0.04533   0.23888   0.41824   0.51901   0.26857   0.22848   0.57159   0.24978   0.55067   2.55399   0.65007   1.35222   1.24154   0.24399  -0.15994   0.05906  
 32  0.9270  11958.703291  x:  1.42620   0.23375   0.27931   0.04708   0.01822   0.02165   0.00057   0.02977   0.06308   0.05742   0.17694   0.27805   0.06500   0.05589   0.24258   0.42346   0.55068   0.27472   0.23738   0.54846   0.24722   0.56577   2.76562   0.62578   1.38232   1.21770  -0.03193  -0.36771   0.05635  
 33  0.2816  11956.647305  x:  1.51024   0.21361   0.28159   0.04469   0.02444   0.02173   0.00064   0.02310   0.06019   0.06332   0.17818   0.27504   0.06594   0.05035   0.24450   0.42041   0.57178   0.27337   0.23502   0.54989   0.23600   0.56409   2.89154   0.60976   1.45016   1.19773  -0.01334  -0.34399   0.04980  
 34  0.1302  11955.206812  x:  1.62577   0.19992   0.27873   0.04679   0.02352   0.01859   0.00078   0.02977   0.06318   0.05283   0.17875   0.27636   0.06469   0.04725   0.24485   0.42327   0.58953   0.27171   0.22775   0.51803   0.23139   0.55777   2.96315   0.60774   1.48100   1.20105   0.12504  -0.22790   0.05177  
 35  0.1287  11952.916258  x:  1.82427   0.19553   0.26865   0.03919   0.02304   0.01779   0.00110   0.02820   0.07615   0.07528   0.18107   0.28972   0.06357   0.05817   0.24356   0.43374   0.61495   0.27741   0.22480   0.43706   0.24200   0.55908   2.99773   0.60342   1.43206   1.21324   0.04754  -0.28517   0.05509  
 36  0.0925  11949.009596  x:  1.94106   0.19709   0.29442   0.04666   0.02281   0.01782   0.00172   0.02229   0.07711   0.04449   0.17632   0.27481   0.07269   0.04966   0.24260   0.42403   0.59186   0.26914   0.23134   0.37384   0.24173   0.55385   2.95230   0.63283   1.41841   1.30005  -0.08294  -0.37012   0.05296  
 37  0.0704  11943.362758  x:  1.79719   0.19289   0.28306   0.04157   0.01827   0.00941   0.00280   0.02694   0.06871   0.06656   0.17198   0.26351   0.06754   0.05067   0.23949   0.41150   0.57689   0.26557   0.23805   0.44968   0.23793   0.55620   2.84752   0.63277   1.48431   1.27886   0.00761  -0.35885   0.05213  
 38  0.0855  11939.567385  x:  1.58913   0.19974   0.26977   0.04260   0.01736   0.01797   0.00386   0.02218   0.06036   0.07363   0.17545   0.26541   0.06092   0.05188   0.24026   0.41144   0.56090   0.26614   0.23553   0.53545   0.23592   0.55644   2.76428   0.61038   1.47450   1.20806   0.15123  -0.26073   0.05823  
 39  0.2350  11934.531979  x:  1.48636   0.22718   0.26699   0.04924   0.01971   0.01489   0.00630   0.02162   0.06550   0.04989   0.18458   0.29495   0.06707   0.05191   0.24635   0.43338   0.55846   0.28048   0.22406   0.56723   0.24402   0.56080   2.80986   0.59382   1.35814   1.16498  -0.00137  -0.29048   0.04745  
 40  0.0895  11930.956116  x:  1.49980   0.21483   0.29051   0.04700   0.02136   0.01246   0.00949   0.02604   0.06456   0.06298   0.17585   0.28401   0.06714   0.04751   0.24300   0.42698   0.57114   0.27480   0.22957   0.51400   0.23917   0.55744   2.85057   0.63412   1.42915   1.18271   0.04023  -0.32335   0.05792  
 41  0.0503  11928.831583  x:  1.47482   0.21837   0.27849   0.04418   0.01882   0.01393   0.01319   0.02377   0.07043   0.06479   0.17543   0.27127   0.06300   0.05614   0.24186   0.41783   0.56929   0.27050   0.23521   0.52658   0.23235   0.55580   2.86846   0.60844   1.44727   1.22544   0.05970  -0.28569   0.05058  
 42  0.0348  11927.751363  x:  1.53668   0.21894   0.27312   0.04493   0.02057   0.01413   0.01696   0.02299   0.06733   0.05774   0.17972   0.27827   0.06811   0.04989   0.24350   0.42363   0.57097   0.27241   0.22997   0.50285   0.23840   0.56020   2.86647   0.61847   1.41779   1.21538   0.00429  -0.32588   0.05454  
 43  0.0468  11927.437487  x:  1.53468   0.21345   0.28048   0.04454   0.01981   0.01395   0.01940   0.02403   0.06668   0.05926   0.17787   0.27866   0.06496   0.05215   0.24323   0.42365   0.57039   0.27296   0.23113   0.52272   0.23842   0.56027   2.85191   0.61951   1.43146   1.20736   0.04723  -0.28986   0.05298  
 44  0.0361  11927.412316  x:  1.54346   0.21477   0.27860   0.04489   0.02000   0.01406   0.02006   0.02384   0.06712   0.06070   0.17824   0.27897   0.06583   0.05137   0.24364   0.42398   0.57029   0.27350   0.23171   0.52089   0.23906   0.55979   2.84584   0.61376   1.42455   1.20576   0.03733  -0.29569   0.05302  
 45  0.0146  11927.410891  x:  1.54580   0.21483   0.27855   0.04517   0.02009   0.01406   0.02017   0.02385   0.06704   0.06043   0.17832   0.27907   0.06576   0.05163   0.24375   0.42409   0.57077   0.27364   0.23181   0.51978   0.23898   0.55956   2.84516   0.61521   1.42524   1.20539   0.03650  -0.29564   0.05305  
 46  0.0032  11927.410802  x:  1.54573   0.21483   0.27864   0.04523   0.02007   0.01406   0.02018   0.02388   0.06701   0.06048   0.17830   0.27904   0.06574   0.05159   0.24371   0.42408   0.57100   0.27366   0.23182   0.51951   0.23889   0.55949   2.84530   0.61497   1.42494   1.20468   0.03598  -0.29616   0.05303  
 47  0.0009  11927.410795  x:  1.54571   0.21481   0.27864   0.04524   0.02007   0.01406   0.02018   0.02387   0.06701   0.06049   0.17831   0.27904   0.06575   0.05160   0.24370   0.42408   0.57109   0.27366   0.23181   0.51936   0.23888   0.55948   2.84528   0.61492   1.42477   1.20455   0.03612  -0.29607   0.05303  
 48  0.0003  11927.410795  x:  1.54576   0.21479   0.27863   0.04524   0.02007   0.01406   0.02018   0.02387   0.06701   0.06049   0.17830   0.27904   0.06575   0.05159   0.24371   0.42408   0.57110   0.27366   0.23180   0.51930   0.23888   0.55949   2.84526   0.61495   1.42475   1.20458   0.03604  -0.29613   0.05303  
 49  0.0001  11927.410795  x:  1.54578   0.21479   0.27863   0.04524   0.02007   0.01406   0.02018   0.02387   0.06701   0.06049   0.17830   0.27904   0.06575   0.05159   0.24371   0.42408   0.57111   0.27366   0.23180   0.51929   0.23888   0.55949   2.84525   0.61494   1.42474   1.20459   0.03606  -0.29612   0.05303  
 50  0.0000  11927.410795  x:  1.54578   0.21478   0.27863   0.04524   0.02007   0.01406   0.02018   0.02387   0.06701   0.06049   0.17830   0.27904   0.06575   0.05159   0.24371   0.42408   0.57111   0.27366   0.23180   0.51928   0.23888   0.55949   2.84525   0.61494   1.42474   1.20459   0.03606  -0.29612   0.05303  
 51  0.0000  11927.410795  x:  1.54578   0.21478   0.27863   0.04524   0.02007   0.01406   0.02018   0.02387   0.06701   0.06049   0.17830   0.27904   0.06575   0.05159   0.24371   0.42408   0.57111   0.27366   0.23180   0.51928   0.23888   0.55949   2.84525   0.61494   1.42474   1.20459   0.03606  -0.29612   0.05303  