

TREE # 1

  0  0.0000  15200.081385  x:  0.09620   0.05434   0.02371   0.04309   0.09087   0.04497   0.07569   0.06975   0.03959   0.01411   0.02408   0.04426   0.04748   0.09278   0.05527   0.03238   0.01108   0.05090   0.02255   0.02807   0.04652   1.00000   0.72643   0.85905   1.11361   1.38396   0.03077   0.28786   2.19098  
  1 99.0000  12475.669734  x:  0.44540   0.27269   0.34208   0.03946   0.04281   0.00000   0.02898   0.02867   0.06165   0.26347   0.26822   0.20534   0.05429   0.06663   0.18351   0.41141   0.74169   0.21389   0.37055   0.39468   0.41531   1.02987   0.72426   0.85857   1.11522   1.39104   0.02470   0.17401   2.19069  
  2 17201.4978  12447.689915  x:  0.45567   0.27902   0.35122   0.03938   0.04137   0.01497   0.02766   0.02742   0.06229   0.27059   0.27522   0.21003   0.05450   0.06583   0.18725   0.42232   0.76275   0.21858   0.38055   0.40525   0.42599   1.03087   0.72418   0.85856   1.11527   1.39124   0.02453   0.17061   2.19068  
  3 89848.4603  12401.708016  x:  0.50082   0.28549   0.33807   0.04527   0.00979   0.01518   0.00849   0.01384   0.06220   0.24990   0.26205   0.22027   0.05918   0.05549   0.19576   0.41655   0.75683   0.21503   0.36894   0.40243   0.43414   1.06346   0.71985   0.85755   1.11730   1.38899   0.02696   0.14791   2.19086  
  4 845.5354  12341.161388  x:  0.60965   0.30146   0.30776   0.05463   0.00144   0.01493   0.03495   0.01960   0.06018   0.20090   0.23151   0.24376   0.06807   0.03335   0.21494   0.40490   0.74693   0.20746   0.34282   0.39726   0.45524   1.14180   0.70929   0.85517   1.12218   1.38304   0.03329   0.10894   2.19134  
  5 2330.0669  12310.127394  x:  0.69158   0.31345   0.28498   0.06181   0.01260   0.01477   0.04031   0.01922   0.05892   0.16401   0.20856   0.26137   0.07484   0.01749   0.22930   0.39619   0.73954   0.20180   0.32319   0.39335   0.47111   1.20080   0.70134   0.85337   1.12586   1.37842   0.03818   0.08217   2.19170  
  6 20165.5126  12165.509476  x:  1.00649   0.35867   0.20165   0.06768   0.01644   0.01464   0.04412   0.03196   0.04371   0.02371   0.12395   0.32146   0.09577   0.01155   0.27587   0.36962   0.72427   0.18335   0.25282   0.38109   0.53460   1.42861   0.67005   0.84686   1.13992   1.35308   0.06404   0.15208   2.19332  
  7 4070.3771  12146.198027  x:  1.08480   0.36174   0.19700   0.05612   0.01825   0.01458   0.04705   0.03187   0.05330   0.01170   0.11720   0.32574   0.09271   0.07613   0.27830   0.36653   0.70863   0.18713   0.23541   0.36858   0.54312   1.49498   0.66003   0.84628   1.14386   1.34459   0.07255   0.14465   2.19400  
  8 1154.1552  12098.587592  x:  1.21788   0.34829   0.22748   0.01919   0.01923   0.01452   0.04825   0.03167   0.07415   0.06307   0.13952   0.30460   0.02692   0.08701   0.26121   0.36853   0.65333   0.21212   0.20746   0.32455   0.54023   1.62827   0.63818   0.84767   1.15146   1.32134   0.09533   0.15151   2.19585  
  9 811.5055  12074.563159  x:  1.31734   0.32297   0.26396   0.06898   0.01997   0.01449   0.05027   0.03737   0.08907   0.10984   0.17452   0.27235   0.04326   0.09228   0.23135   0.38040   0.60219   0.24716   0.20028   0.28113   0.53105   1.74186   0.61877   0.85178   1.15729   1.29643   0.11937   0.16501   2.19782  
 10 951.0891  12061.171495  x:  1.35735   0.29753   0.27966   0.04866   0.02076   0.01447   0.05092   0.03567   0.05582   0.11660   0.19650   0.24936   0.07944   0.08886   0.20953   0.39579   0.57664   0.27341   0.21500   0.25941   0.52560   1.80099   0.60889   0.85752   1.15943   1.27675   0.13803   0.16377   2.19931  
 11 537.5093  12051.006679  x:  1.36651   0.23720   0.28265   0.04948   0.02098   0.01444   0.05439   0.02710   0.06670   0.06165   0.21611   0.22407   0.06175   0.08609   0.18989   0.43249   0.56351   0.30298   0.26691   0.24987   0.52632   1.86378   0.60097   0.87647   1.15791   1.23305   0.17863   0.16097   2.20249  
 12 207.4760  12048.858666  x:  1.36377   0.21594   0.28759   0.04976   0.01970   0.01450   0.04652   0.04533   0.06605   0.05173   0.22035   0.22515   0.05803   0.08597   0.19459   0.44235   0.56132   0.30333   0.27472   0.24857   0.52679   1.88363   0.59948   0.88534   1.15636   1.21536   0.19498   0.15729   2.20380  
 13 243.2995  12041.723986  x:  1.33917   0.13875   0.31413   0.05057   0.02066   0.01447   0.05128   0.03610   0.06354   0.04421   0.22577   0.25122   0.06086   0.08531   0.23498   0.46921   0.56204   0.27763   0.27484   0.24913   0.52969   1.95601   0.59758   0.92647   1.14734   1.13812   0.26619   0.15620   2.20956  
 14 233.3892  12034.172350  x:  1.29604   0.11036   0.32074   0.04872   0.02035   0.01451   0.05018   0.03774   0.06791   0.05512   0.18921   0.23099   0.06662   0.08309   0.20130   0.46743   0.61002   0.24443   0.25700   0.26189   0.53995   2.05039   0.60645   0.99963   1.12758   1.01383   0.38070   0.14367   2.21910  
 15 147.4400  12030.757542  x:  1.26783   0.12778   0.30590   0.05850   0.02066   0.01451   0.05103   0.03599   0.05105   0.06182   0.19142   0.23536   0.05648   0.08687   0.21065   0.44799   0.63262   0.26382   0.25993   0.25188   0.53151   2.09861   0.61622   1.04803   1.11278   0.94638   0.44267   0.13794   2.22500  
 16 149.9718  12029.039124  x:  1.25155   0.14250   0.29604   0.05118   0.02046   0.01452   0.05055   0.03788   0.06609   0.06434   0.19852   0.24083   0.06519   0.08402   0.21953   0.43600   0.64139   0.27836   0.26230   0.24506   0.52633   2.12455   0.62290   1.07802   1.10347   0.90958   0.47633   0.13677   2.22860  
 17 239.8300  12028.310226  x:  1.24476   0.16262   0.29795   0.05111   0.02053   0.01452   0.05073   0.03770   0.06575   0.05657   0.21936   0.24510   0.06497   0.08372   0.21408   0.44089   0.62275   0.27552   0.25414   0.25635   0.54058   2.13230   0.63123   1.11155   1.09420   0.89590   0.48739   0.13667   2.23262  
 18 32.1258  12027.785269  x:  1.24416   0.17995   0.30878   0.05129   0.02061   0.01451   0.05085   0.03776   0.06600   0.05768   0.20348   0.24383   0.06544   0.08415   0.21984   0.45093   0.60007   0.27803   0.26435   0.25941   0.55138   2.13374   0.63706   1.15298   1.08701   0.89007   0.49026   0.13739   2.23836  
 19 27.8060  12027.296477  x:  1.25727   0.18176   0.30333   0.05120   0.02064   0.01451   0.05071   0.03779   0.06608   0.05959   0.20427   0.24888   0.06488   0.08429   0.21468   0.46068   0.60176   0.26476   0.27072   0.24219   0.54494   2.12446   0.62831   1.21288   1.09313   0.89054   0.48463   0.13739   2.25016  
 20 14.9282  12026.569364  x:  1.27716   0.16234   0.29766   0.05080   0.02065   0.01450   0.05040   0.03764   0.06599   0.06125   0.20799   0.23373   0.06513   0.08424   0.22212   0.44475   0.60812   0.27050   0.26392   0.24560   0.54838   2.11135   0.61350   1.30339   1.11559   0.89472   0.47006   0.13756   2.27260  
 21 31.5649  12026.209066  x:  1.28216   0.15247   0.30280   0.05042   0.02066   0.01450   0.05023   0.03757   0.06608   0.05964   0.20419   0.24620   0.06472   0.08379   0.21244   0.43635   0.61091   0.28267   0.25829   0.24932   0.54606   2.11086   0.61348   1.34044   1.13343   0.89792   0.46065   0.13797   2.28595  
 22 32.7813  12024.970208  x:  1.27912   0.15651   0.31667   0.04940   0.02059   0.01450   0.04955   0.03649   0.06570   0.04543   0.20084   0.23777   0.06414   0.08171   0.21683   0.44854   0.62645   0.29148   0.23523   0.25377   0.51590   2.14545   0.65603   1.41609   1.22665   0.91046   0.42246   0.13864   2.34236  
 23 20.3606  12022.671783  x:  1.26973   0.15530   0.28399   0.04943   0.02051   0.01450   0.04782   0.03645   0.06560   0.06646   0.20140   0.24366   0.06452   0.08165   0.21461   0.44151   0.62205   0.27360   0.25925   0.27650   0.51077   2.22012   0.73124   1.52541   1.41957   0.92466   0.35783   0.14072   2.45574  
 24 67.0252  12020.462008  x:  1.26950   0.17915   0.31362   0.04838   0.02053   0.01449   0.04659   0.03562   0.06537   0.05278   0.20657   0.24367   0.06426   0.08036   0.21651   0.40976   0.61446   0.25415   0.27630   0.23881   0.55348   2.24185   0.75136   1.58064   1.60401   0.89988   0.33584   0.14034   2.56968  
 25 45.7512  12017.556322  x:  1.28694   0.19982   0.28918   0.04808   0.02038   0.01449   0.04455   0.03570   0.06667   0.06299   0.19499   0.24903   0.06456   0.07992   0.22070   0.44924   0.58624   0.28042   0.24831   0.20747   0.60724   2.22589   0.75768   1.62225   1.82283   0.83584   0.33603   0.13741   2.72582  
 26 70.4586  12014.451813  x:  1.36970   0.21993   0.29512   0.04762   0.02056   0.01448   0.04285   0.03591   0.06732   0.06367   0.19473   0.25269   0.06490   0.08037   0.22345   0.44586   0.54242   0.27196   0.26124   0.24724   0.55907   2.17359   0.78863   1.63290   1.96291   0.73973   0.35903   0.13359   2.90018  
 27 41.7484  12002.360436  x:  1.55785   0.14992   0.27065   0.04377   0.02047   0.01444   0.03377   0.03387   0.06668   0.07415   0.19287   0.24604   0.06259   0.07681   0.21878   0.40526   0.53694   0.27895   0.23471   0.13388   0.63917   2.19075   1.01527   1.57744   1.79760   0.60019   0.25285   0.12530   3.59988  
 28 21.3277  11971.114592  x:  1.71090   0.21351   0.23857   0.03368   0.01946   0.01439   0.01127   0.02592   0.06598   0.07379   0.16032   0.25799   0.05849   0.06082   0.22354   0.37107   0.50190   0.26326   0.20028   0.14328   0.62274   2.55952   0.71398   1.39361   1.30861   0.39415  -0.12891   0.11401   5.25693  
 29 94.9041  11966.585176  x:  1.73657   0.23177   0.24665   0.03749   0.02038   0.01430   0.01991   0.01652   0.06488   0.06665   0.16302   0.26163   0.05748   0.05814   0.22856   0.37965   0.47390   0.25787   0.20909   0.16014   0.60675   2.63525   0.63381   1.35129   1.21994   0.59903   0.09558   0.11177   5.56575  
 30  0.9667  11962.801305  x:  1.79836   0.25900   0.26176   0.04425   0.01989   0.01428   0.01962   0.02563   0.06455   0.05635   0.17247   0.26354   0.05893   0.05282   0.23376   0.39712   0.41684   0.25464   0.22803   0.17726   0.59074   2.72328   0.60067   1.34818   1.20961   1.05396   0.63759   0.10127   6.18883  
 31  1.1706  11961.226574  x:  1.86250   0.26629   0.25825   0.04558   0.01980   0.01427   0.01943   0.02391   0.06417   0.06107   0.16944   0.26218   0.06367   0.04874   0.23363   0.39145   0.40180   0.25753   0.22089   0.16266   0.60250   2.76467   0.66357   1.38936   1.19260   1.05566   0.66008   0.09101   6.98876  
 32  0.8593  11960.702591  x:  1.88581   0.27737   0.25264   0.04444   0.01975   0.01430   0.01924   0.02297   0.06479   0.06600   0.16583   0.26275   0.06598   0.04782   0.23270   0.38651   0.40501   0.25985   0.21432   0.15638   0.60786   2.78073   0.65038   1.43412   1.27757   1.01750   0.60904   0.08788   7.49546  
 33  0.5565  11959.433244  x:  1.94909   0.27827   0.25065   0.04062   0.02001   0.01454   0.02177   0.02386   0.06784   0.06717   0.17119   0.26394   0.06389   0.05226   0.22792   0.37730   0.43297   0.25948   0.21925   0.15629   0.61308   2.78764   0.60339   1.43794   1.16657   1.09649   0.63136   0.09299   9.29666  
 34  0.4043  11956.918067  x:  2.11913   0.27183   0.26214   0.04066   0.02041   0.01511   0.02227   0.02143   0.06925   0.06163   0.17447   0.26903   0.05883   0.05666   0.23154   0.40250   0.45167   0.26128   0.22855   0.17134   0.63396   2.83487   0.65374   1.53515   1.32411   1.44358   1.09253   0.09280  13.25797  
 35  1.7654  11955.404067  x:  2.22870   0.25925   0.27266   0.04361   0.02019   0.01552   0.02143   0.02319   0.06739   0.06217   0.17541   0.27276   0.06092   0.05613   0.23905   0.42017   0.47998   0.26612   0.22927   0.14024   0.67600   2.86398   0.64221   1.48508   1.25708   0.76885   0.45446   0.08766  16.19845  
 36  2.6643  11954.685402  x:  2.28097   0.24022   0.27300   0.04503   0.01989   0.01578   0.02041   0.02457   0.06672   0.06720   0.17523   0.27594   0.06685   0.05227   0.24358   0.41772   0.51777   0.27201   0.22852   0.15322   0.66945   2.88283   0.61427   1.42685   1.17566   1.10022   0.81072   0.08587  18.13024  
 37  1.5003  11954.507142  x:  2.28531   0.22330   0.27111   0.04518   0.01978   0.01586   0.02001   0.02424   0.06770   0.06549   0.17791   0.27746   0.06639   0.05125   0.24269   0.41819   0.53979   0.27169   0.23315   0.15408   0.67326   2.86821   0.63086   1.43353   1.22304   1.12287   0.80714   0.08823  18.82090  
 38  0.5413  11954.466819  x:  2.27582   0.21123   0.27272   0.04515   0.01978   0.01584   0.02010   0.02396   0.06736   0.06490   0.17718   0.27679   0.06579   0.05135   0.24122   0.41816   0.55219   0.27059   0.23154   0.15560   0.67184   2.86544   0.63065   1.43351   1.22123   1.09025   0.78184   0.08758  18.91402  
 39  0.0663  11954.454009  x:  2.27075   0.20687   0.27325   0.04483   0.01984   0.01578   0.02030   0.02385   0.06729   0.06539   0.17757   0.27657   0.06591   0.05148   0.24161   0.41910   0.55466   0.27129   0.23152   0.15441   0.67256   2.86910   0.62756   1.43361   1.21471   1.11470   0.80297   0.08729  19.04527  
 40  0.0708  11954.433495  x:  2.26036   0.20783   0.27225   0.04493   0.02006   0.01553   0.02051   0.02407   0.06808   0.06638   0.17798   0.27662   0.06530   0.05203   0.24252   0.41744   0.55322   0.27192   0.23292   0.15240   0.67417   2.87695   0.63057   1.44248   1.22396   1.10269   0.79745   0.08736  19.27120  
 41  0.0445  11954.343687  x:  2.24973   0.21235   0.27435   0.04468   0.02104   0.01426   0.01963   0.02384   0.06794   0.06346   0.17776   0.27768   0.06600   0.05081   0.24215   0.42007   0.55308   0.26983   0.23096   0.15451   0.67538   2.89796   0.62824   1.44861   1.22545   1.14804   0.83721   0.08799  21.70520  
 42  0.3044  11954.285768  x:  2.26378   0.21028   0.27246   0.04510   0.02125   0.01388   0.02018   0.02399   0.06680   0.06612   0.17681   0.27674   0.06603   0.05192   0.24122   0.41882   0.55431   0.27168   0.23211   0.15465   0.67541   2.87765   0.63240   1.43801   1.22037   1.10597   0.79205   0.08750  22.74056  
 43  0.4633  11954.260400  x:  2.27372   0.20996   0.27256   0.04509   0.02146   0.01335   0.02016   0.02368   0.06730   0.06514   0.17806   0.27648   0.06571   0.05151   0.24156   0.41818   0.55324   0.27131   0.23183   0.15336   0.67482   2.86820   0.62804   1.43200   1.21599   1.13543   0.82304   0.08733  23.98338  
 44  0.6277  11954.248256  x:  2.27424   0.20913   0.27382   0.04469   0.02115   0.01328   0.02028   0.02392   0.06767   0.06536   0.17685   0.27646   0.06593   0.05117   0.24174   0.41907   0.55131   0.27072   0.23143   0.15033   0.67688   2.86195   0.62944   1.43422   1.21962   1.11481   0.80135   0.08771  24.24519  
 45  0.0879  11954.217051  x:  2.26794   0.20816   0.27131   0.04501   0.01996   0.01320   0.02021   0.02423   0.06726   0.06587   0.17703   0.27665   0.06573   0.05075   0.24153   0.41799   0.55048   0.27069   0.23193   0.15115   0.67625   2.86145   0.63005   1.43867   1.21702   1.14594   0.83531   0.08714  25.01695  
 46  0.1673  11954.198596  x:  2.26614   0.21120   0.27259   0.04496   0.01958   0.01287   0.02016   0.02391   0.06714   0.06546   0.17777   0.27666   0.06572   0.05149   0.24142   0.41783   0.55051   0.27098   0.23144   0.15169   0.67712   2.86925   0.62853   1.43882   1.21814   1.13339   0.81715   0.08769  26.28918  
 47  0.6576  11954.192213  x:  2.27265   0.21049   0.27287   0.04482   0.01948   0.01297   0.02031   0.02385   0.06777   0.06511   0.17685   0.27623   0.06582   0.05169   0.24149   0.41890   0.55270   0.27100   0.23196   0.15223   0.67586   2.87142   0.62930   1.43322   1.21822   1.13775   0.82333   0.08757  26.63261  
 48  0.1296  11954.162726  x:  2.28118   0.20807   0.27168   0.04496   0.01951   0.01308   0.02047   0.02403   0.06788   0.06511   0.17886   0.27641   0.06573   0.05178   0.24189   0.41846   0.55145   0.27098   0.23024   0.14982   0.67701   2.87892   0.63222   1.42651   1.22091   1.11370   0.79742   0.08730  28.42738  
 49  0.2244  11954.076663  x:  2.28762   0.20384   0.27094   0.04516   0.01988   0.01341   0.02038   0.02437   0.06651   0.06531   0.17685   0.27670   0.06558   0.05165   0.24111   0.41413   0.54626   0.27036   0.22966   0.14782   0.67632   2.89875   0.63319   1.43049   1.22916   1.15923   0.83051   0.08780  36.71317  
 50  2.0301  11953.912762  x:  2.27156   0.21292   0.27094   0.04425   0.01985   0.01405   0.01983   0.02352   0.06707   0.06347   0.17589   0.27435   0.06575   0.05160   0.23931   0.41781   0.54943   0.26986   0.23295   0.14523   0.68252   2.87001   0.62531   1.45192   1.21696   1.12801   0.80446   0.08788  49.50841  
 51  2.8664  11953.829850  x:  2.26100   0.21348   0.27279   0.04522   0.02020   0.01423   0.02018   0.02405   0.06754   0.06635   0.17744   0.27567   0.06591   0.05184   0.24132   0.41763   0.54787   0.27102   0.23005   0.14647   0.68438   2.86300   0.63087   1.44569   1.22075   1.21388   0.89578   0.08809  62.55738  
 52  7.1643  11953.776579  x:  2.26245   0.21421   0.27227   0.04503   0.02029   0.01429   0.02020   0.02394   0.06754   0.06570   0.17775   0.27684   0.06579   0.05129   0.24210   0.41750   0.54295   0.27120   0.23165   0.13995   0.69038   2.86672   0.63205   1.42903   1.21861   1.14291   0.82259   0.08736  79.76254  
 53  9.2024  11953.719032  x:  2.26165   0.21499   0.27145   0.04438   0.01994   0.01413   0.02027   0.02367   0.06711   0.06434   0.17731   0.27653   0.06577   0.05123   0.24066   0.41805   0.54600   0.27058   0.23164   0.14662   0.68453   2.86444   0.62864   1.42333   1.21492   1.17891   0.85696   0.08799  112.59765  
 54 11.0757  11953.677413  x:  2.26996   0.21457   0.27250   0.04517   0.02007   0.01401   0.02031   0.02389   0.06733   0.06599   0.17646   0.27625   0.06534   0.05146   0.24129   0.41740   0.54664   0.27038   0.23077   0.14010   0.69134   2.86674   0.63086   1.43569   1.21823   1.16101   0.83530   0.08796  153.79461  
 55 17.8232  11953.648210  x:  2.27219   0.21219   0.27186   0.04449   0.02019   0.01409   0.02016   0.02399   0.06742   0.06558   0.17846   0.27600   0.06621   0.05129   0.24171   0.41734   0.54581   0.27143   0.23187   0.14122   0.68890   2.87362   0.63134   1.44289   1.22328   1.16963   0.85198   0.08737  218.15039  
 56 22.1041  11953.626507  x:  2.27320   0.21302   0.27197   0.04520   0.01998   0.01409   0.02008   0.02383   0.06740   0.06521   0.17657   0.27617   0.06537   0.05162   0.24082   0.41820   0.54780   0.27058   0.23078   0.14102   0.68977   2.86764   0.62904   1.43580   1.21556   1.16395   0.83825   0.08793  303.62749  
 57 32.5676  11953.610367  x:  2.26845   0.21431   0.27233   0.04455   0.02016   0.01405   0.02027   0.02396   0.06733   0.06559   0.17770   0.27630   0.06614   0.05146   0.24142   0.41702   0.54502   0.27079   0.23165   0.13921   0.69191   2.86771   0.63232   1.43616   1.22242   1.16687   0.84527   0.08772  450.15160  
 58 44.8324  11953.599857  x:  2.27031   0.21331   0.27171   0.04511   0.02007   0.01413   0.02017   0.02383   0.06737   0.06524   0.17704   0.27629   0.06545   0.05140   0.24129   0.41789   0.54668   0.27096   0.23099   0.14118   0.68994   2.86842   0.62911   1.43335   1.21541   1.17111   0.84791   0.08769  627.14284  
 59 64.0575  11953.592306  x:  2.27305   0.21394   0.27230   0.04471   0.02007   0.01409   0.02022   0.02389   0.06733   0.06559   0.17738   0.27616   0.06589   0.05141   0.24119   0.41771   0.54638   0.27060   0.23137   0.13911   0.69214   2.86815   0.63138   1.43737   1.22086   1.15816   0.83423   0.08789  914.10012  
 60 96.6237  11953.590184  x:  2.27250   0.21386   0.27222   0.04475   0.02008   0.01408   0.02022   0.02389   0.06734   0.06557   0.17736   0.27617   0.06584   0.05141   0.24122   0.41765   0.54631   0.27069   0.23137   0.13941   0.69178   2.86858   0.63118   1.43729   1.22042   1.16201   0.83846   0.08783  999.00000  
 61 135.3189  11953.589631  x:  2.27149   0.21360   0.27204   0.04485   0.02009   0.01409   0.02020   0.02389   0.06736   0.06546   0.17730   0.27622   0.06572   0.05143   0.24126   0.41764   0.54632   0.27083   0.23126   0.14001   0.69110   2.86870   0.63054   1.43610   1.21888   1.16660   0.84348   0.08775  999.00000  
 62  0.0069  11953.589629  x:  2.27135   0.21363   0.27205   0.04485   0.02009   0.01409   0.02020   0.02389   0.06736   0.06546   0.17729   0.27622   0.06573   0.05144   0.24126   0.41764   0.54631   0.27082   0.23127   0.14004   0.69106   2.86859   0.63057   1.43603   1.21891   1.16652   0.84340   0.08775  999.00000  
 63  0.0002  11953.589629  x:  2.27133   0.21363   0.27205   0.04485   0.02009   0.01409   0.02020   0.02389   0.06736   0.06545   0.17729   0.27623   0.06574   0.05144   0.24126   0.41764   0.54631   0.27082   0.23127   0.14003   0.69107   2.86858   0.63056   1.43602   1.21890   1.16655   0.84342   0.08775  999.00000  
 64  0.0000  11953.589629  x:  2.27134   0.21362   0.27205   0.04486   0.02009   0.01409   0.02020   0.02389   0.06736   0.06545   0.17729   0.27623   0.06574   0.05144   0.24126   0.41764   0.54631   0.27082   0.23127   0.14003   0.69107   2.86858   0.63056   1.43603   1.21890   1.16654   0.84342   0.08775  999.00000  