Supplemental results for CODEML (seqf: case_b.phy  treef: case_b.tree)
	1
I	J	ij	2Ns_IJ	pMut_IJ	pSub_IJ	2Ns_JI	pMut_JI	pSub_JI

TTC	TTT	CT	1.12245	0.04168	0.06936	-1.12245	0.12806	0.06936	0.06936	0.06936
TTA	TTT	AT	1.81189	0.00186	0.00402	-1.81189	0.01137	0.00402	0.00143	0.00143
TTA	TTC	AC	0.68944	0.00622	0.00861	-0.68944	0.01240	0.00861	0.00307	0.00307
TTG	TTT	GT	-0.34921	0.01300	0.01086	0.34921	0.00917	0.01086	0.00387	0.00387
TTG	TTC	GC	-1.47166	0.04356	0.01910	1.47166	0.01000	0.01910	0.00680	0.00680
TTG	TTA	GA	-2.16110	0.12179	0.03427	2.16110	0.01403	0.03427	0.03427	0.03427
TCT	TTT	CT	0.77415	0.05905	0.08483	-0.77415	0.12806	0.08483	0.03020	0.03020
TCC	TTC	CT	0.69864	0.06947	0.09654	-0.69864	0.13971	0.09654	0.03437	0.03437
TCC	TCT	CT	1.04695	0.06947	0.11207	-1.04695	0.19792	0.11207	0.11207	0.11207
TCA	TTA	CT	9.03351	0.00000	0.00000	-9.03351	0.03493	0.00004	0.00000	0.00001
TCA	TCT	AT	10.07125	0.00000	0.00000	-10.07125	0.01757	0.00001	0.00000	0.00001
TCA	TCC	AC	9.02431	0.00000	0.00000	-9.02431	0.02067	0.00002	0.00000	0.00002
TCG	TTG	CT	1.20947	0.07294	0.12574	-1.20947	0.24449	0.12574	0.04476	0.04476
TCG	TCT	GT	0.08611	0.01300	0.01357	-0.08611	0.01417	0.01357	0.01357	0.01357
TCG	TCC	GC	-0.96083	0.04356	0.02594	0.96083	0.01667	0.02594	0.02594	0.02594
TCG	TCA	GA	-9.98514	0.12179	0.00006	9.98514	0.00000	0.00000	0.00006	0.00000
TAT	TTT	AT	-0.18054	0.01362	0.01242	0.18054	0.01137	0.01242	0.00442	0.00442
TAT	TCT	AC	-0.95469	0.04564	0.02727	0.95469	0.01757	0.02727	0.00971	0.00971
TAC	TTC	AT	0.10714	0.01114	0.01175	-0.10714	0.01240	0.01175	0.00418	0.00418
TAC	TCC	AC	-0.59150	0.03734	0.02738	0.59150	0.02067	0.02738	0.00975	0.00975
TAC	TAT	CT	1.41014	0.06252	0.11664	-1.41014	0.25613	0.11664	0.11664	0.11664
TGT	TTT	GT	0.90356	0.00371	0.00564	-0.90356	0.00917	0.00564	0.00201	0.00201
TGT	TCT	GC	0.12941	0.01245	0.01327	-0.12941	0.01417	0.01327	0.00472	0.00472
TGT	TAT	GA	1.08410	0.03480	0.05700	-1.08410	0.10289	0.05700	0.02029	0.02029
TGC	TTC	GT	0.14327	0.00867	0.00930	-0.14327	0.01000	0.00930	0.00331	0.00331
TGC	TCC	GC	-0.55537	0.02904	0.02172	0.55537	0.01667	0.02172	0.00773	0.00773
TGC	TAC	GA	0.03613	0.08119	0.08267	-0.03613	0.08418	0.08267	0.02943	0.02943
TGC	TGT	CT	0.36217	0.04863	0.05797	-0.36217	0.06985	0.05797	0.05797	0.05797
TGG	TTG	GT	10.06738	0.00000	0.00000	-10.06738	0.01750	0.00001	0.00000	0.00000
TGG	TCG	GC	8.85791	0.00000	0.00000	-8.85791	0.01750	0.00002	0.00000	0.00001
TGG	TGT	GT	8.81461	0.00000	0.00000	-8.81461	0.00500	0.00001	0.00000	0.00000
TGG	TGC	GC	8.45245	0.00000	0.00000	-8.45245	0.01167	0.00002	0.00000	0.00001
CTT	TTT	CT	0.51632	0.07642	0.09784	-0.51632	0.12806	0.09784	0.03483	0.03483
CTC	TTC	CT	-0.08982	0.15284	0.14607	0.08982	0.13971	0.14607	0.05200	0.05200
CTC	CTT	CT	0.51632	0.15284	0.19567	-0.51632	0.25613	0.19567	0.19567	0.19567
CTA	TTA	CT	1.61493	0.00695	0.01400	-1.61493	0.03493	0.01400	0.01400	0.01400
CTA	CTT	AT	2.91050	0.00124	0.00381	-2.91050	0.02274	0.00381	0.00381	0.00381
CTA	CTC	AC	2.39419	0.00415	0.01093	-2.39419	0.04547	0.01093	0.01093	0.01093
CTG	TTG	CT	0.54042	0.14241	0.18435	-0.54042	0.24449	0.18435	0.18435	0.18435
CTG	CTT	GT	-0.32511	0.02538	0.02147	0.32511	0.01833	0.02147	0.02147	0.02147
CTG	CTC	GC	-0.84143	0.08505	0.05423	0.84143	0.03667	0.05423	0.05423	0.05423
CTG	CTA	GA	-3.23561	0.23778	0.03150	3.23561	0.00935	0.03150	0.03150	0.03150
CCT	TCT	CT	1.55777	0.04168	0.08225	-1.55777	0.19792	0.08225	0.02928	0.02928
CCT	CTT	CT	1.81560	0.04168	0.09039	-1.81560	0.25613	0.09039	0.03218	0.03218
CCC	TCC	CT	0.46753	0.14589	0.18264	-0.46753	0.23284	0.18264	0.06501	0.06501
CCC	CTC	CT	1.25599	0.14589	0.25620	-1.25599	0.51226	0.25620	0.09120	0.09120
CCC	CCT	CT	-0.04330	0.14589	0.14275	0.04330	0.13971	0.14275	0.14275	0.14275
CCA	TCA	CT	-6.20912	0.00695	0.00009	6.20912	0.00000	0.00000	0.00003	0.00000
CCA	CTA	CT	1.20947	0.00695	0.01198	-1.20947	0.02328	0.01198	0.00426	0.00426
CCA	CCT	AT	2.30437	0.00124	0.00317	-2.30437	0.01240	0.00317	0.00317	0.00317
CCA	CCC	AC	2.34767	0.00415	0.01077	-2.34767	0.04340	0.01077	0.01077	0.01077
CCG	TCG	CT	0.99589	0.09031	0.14263	-0.99589	0.24449	0.14263	0.05077	0.05077
CCG	CTG	CT	1.66494	0.09031	0.18545	-1.66494	0.47733	0.18545	0.06601	0.06601
CCG	CCT	GT	-0.47577	0.01609	0.01257	0.47577	0.01000	0.01257	0.01257	0.01257
CCG	CCC	GC	-0.43247	0.05394	0.04311	0.43247	0.03500	0.04311	0.04311	0.04311
CCG	CCA	GA	-2.78014	0.15079	0.02772	2.78014	0.00935	0.02772	0.02772	0.02772
CAT	TAT	CT	1.04241	0.09031	0.14542	-1.04241	0.25613	0.14542	0.05176	0.05176
CAT	CTT	AT	0.34555	0.01609	0.01903	-0.34555	0.02274	0.01903	0.00678	0.00678
CAT	CCT	AC	-1.47005	0.05394	0.02367	1.47005	0.01240	0.02367	0.00843	0.00843
CAC	TAC	CT	1.00879	0.07642	0.12134	-1.00879	0.20956	0.12134	0.04319	0.04319
CAC	CTC	AT	1.20576	0.01362	0.02344	-1.20576	0.04547	0.02344	0.00834	0.00834
CAC	CCC	AC	-0.05023	0.04564	0.04450	0.05023	0.04340	0.04450	0.01584	0.01584
CAC	CAT	CT	1.37652	0.07642	0.14071	-1.37652	0.30270	0.14071	0.14071	0.14071
CAA	CTA	AT	0.51261	0.00124	0.00158	-0.51261	0.00207	0.00158	0.00056	0.00056
CAA	CCA	AC	-0.69686	0.00415	0.00287	0.69686	0.00207	0.00287	0.00102	0.00102
CAA	CAT	AT	3.07756	0.00124	0.00399	-3.07756	0.02687	0.00399	0.00142	0.00142
CAA	CAC	AC	1.70104	0.00415	0.00863	-1.70104	0.02274	0.00863	0.00307	0.00307
CAG	CTG	AT	0.96808	0.01609	0.02512	-0.96808	0.04237	0.02512	0.00894	0.00894
CAG	CCG	AC	-0.69686	0.05394	0.03731	0.69686	0.02687	0.03731	0.01328	0.01328
CAG	CAT	GT	0.29742	0.01609	0.01860	-0.29742	0.02167	0.01860	0.00662	0.00662
CAG	CAC	GC	-1.07910	0.05394	0.02997	1.07910	0.01833	0.02997	0.01067	0.01067
CAG	CAA	GA	-2.78014	0.15079	0.02772	2.78014	0.00935	0.02772	0.02772	0.02772
CGT	TGT	CT	0.22864	0.05558	0.06217	-0.22864	0.06985	0.06217	0.02213	0.02213
CGT	CTT	GT	0.61587	0.00990	0.01326	-0.61587	0.01833	0.01326	0.00472	0.00472
CGT	CCT	GC	-1.19973	0.03319	0.01717	1.19973	0.01000	0.01717	0.00611	0.00611
CGT	CAT	GA	0.27032	0.09279	0.10590	-0.27032	0.12159	0.10590	0.03770	0.03770
CGC	TGC	CT	0.59043	0.09031	0.11958	-0.59043	0.16299	0.11958	0.04257	0.04257
CGC	CTC	GT	0.82351	0.01609	0.02362	-0.82351	0.03667	0.02362	0.00841	0.00841
CGC	CCC	GC	-0.43247	0.05394	0.04311	0.43247	0.03500	0.04311	0.01535	0.01535
CGC	CAC	GA	-0.38224	0.15079	0.12380	0.38224	0.10289	0.12380	0.04407	0.04407
CGC	CGT	CT	0.72396	0.09031	0.12691	-0.72396	0.18627	0.12691	0.12691	0.12691
CGA	CTA	GT	7.71600	0.00000	0.00000	-7.71600	0.00167	0.00001	0.00000	0.00000
CGA	CCA	GC	6.50654	0.00000	0.00000	-6.50654	0.00167	0.00002	0.00000	0.00001
CGA	CAA	GA	7.20339	0.00000	0.00000	-7.20339	0.00935	0.00005	0.00000	0.00002
CGA	CGT	AT	10.01063	0.00000	0.00000	-10.01063	0.01653	0.00001	0.00000	0.00001
CGA	CGC	AC	9.28667	0.00000	0.00000	-9.28667	0.02687	0.00002	0.00000	0.00002
CGG	TGG	CT	-8.51170	0.06947	0.00012	8.51170	0.00000	0.00000	0.00004	0.00000
CGG	CTG	GT	1.01526	0.01238	0.01971	-1.01526	0.03417	0.01971	0.00702	0.00702
CGG	CCG	GC	-0.64968	0.04149	0.02946	0.64968	0.02167	0.02946	0.01049	0.01049
CGG	CAG	GA	0.04718	0.11599	0.11875	-0.04718	0.12159	0.11875	0.04227	0.04227
CGG	CGT	GT	0.07428	0.01238	0.01284	-0.07428	0.01333	0.01284	0.01284	0.01284
CGG	CGC	GC	-0.64968	0.04149	0.02946	0.64968	0.02167	0.02946	0.02946	0.02946
CGG	CGA	GA	-9.93635	0.11599	0.00006	9.93635	0.00000	0.00000	0.00006	0.00000
ATT	TTT	AT	0.13791	0.00990	0.01060	-0.13791	0.01137	0.01060	0.00377	0.00377
ATT	CTT	AC	-0.37840	0.03319	0.02731	0.37840	0.02274	0.02731	0.00972	0.00972
ATC	TTC	AT	-0.55783	0.02166	0.01618	0.55783	0.01240	0.01618	0.00576	0.00576
ATC	CTC	AC	-0.46802	0.07261	0.05694	0.46802	0.04547	0.05694	0.02027	0.02027
ATC	ATT	CT	0.42671	0.12157	0.14935	-0.42671	0.18627	0.14935	0.14935	0.14935
ATA	TTA	AT	0.91807	0.00124	0.00189	-0.91807	0.00310	0.00189	0.00067	0.00067
ATA	CTA	AC	-0.69686	0.00415	0.00287	0.69686	0.00207	0.00287	0.00102	0.00102
ATA	ATT	AT	2.59205	0.00124	0.00347	-2.59205	0.01653	0.00347	0.00347	0.00347
ATA	ATC	AC	2.16534	0.00415	0.01015	-2.16534	0.03617	0.01015	0.01015	0.01015
ATG	TTG	AT	0.15593	0.01857	0.02005	-0.15593	0.02170	0.02005	0.00714	0.00714
ATG	CTG	AC	-0.38448	0.06224	0.05104	0.38448	0.04237	0.05104	0.01817	0.01817
ATG	ATT	GT	-0.33119	0.01857	0.01566	0.33119	0.01333	0.01566	0.00558	0.00558
ATG	ATC	GC	-0.75789	0.06224	0.04160	0.75789	0.02917	0.04160	0.01481	0.01481
ATG	ATA	GA	-2.92324	0.17399	0.02890	2.92324	0.00935	0.02890	0.01029	0.01029
ACT	TCT	AT	0.78087	0.00805	0.01159	-0.78087	0.01757	0.01159	0.00413	0.00413
ACT	CCT	AC	-0.77690	0.02697	0.01784	0.77690	0.01240	0.01784	0.00635	0.00635
ACT	ATT	CT	1.41710	0.04516	0.08447	-1.41710	0.18627	0.08447	0.03007	0.03007
ACC	TCC	AT	0.17614	0.01733	0.01890	-0.17614	0.02067	0.01890	0.00673	0.00673
ACC	CCC	AC	-0.29139	0.05809	0.05003	0.29139	0.04340	0.05003	0.01781	0.01781
ACC	ATC	CT	1.43261	0.09726	0.18302	-1.43261	0.40748	0.18302	0.06515	0.06515
ACC	ACT	CT	0.44221	0.09726	0.12034	-0.44221	0.15135	0.12034	0.12034	0.12034
ACA	TCA	AT	-8.29227	0.00495	0.00001	8.29227	0.00000	0.00000	0.00000	0.00000
ACA	CCA	AC	-2.08315	0.01660	0.00492	2.08315	0.00207	0.00492	0.00175	0.00175
ACA	ATA	CT	-0.17683	0.02779	0.02540	0.17683	0.02328	0.02540	0.00904	0.00904
ACA	ACT	AT	0.99812	0.00495	0.00783	-0.99812	0.01343	0.00783	0.00783	0.00783
ACA	ACC	AC	0.55591	0.01660	0.02163	-0.55591	0.02894	0.02163	0.02163	0.02163
ACG	TCG	AT	0.61269	0.01176	0.01573	-0.61269	0.02170	0.01573	0.00560	0.00560
ACG	CCG	AC	-0.38320	0.03942	0.03234	0.38320	0.02687	0.03234	0.01151	0.01151
ACG	ATG	CT	1.66622	0.06600	0.13559	-1.66622	0.34927	0.13559	0.04826	0.04826
ACG	ACT	GT	-0.08207	0.01176	0.01128	0.08207	0.01083	0.01128	0.01128	0.01128
ACG	ACC	GC	-0.52428	0.03942	0.02998	0.52428	0.02333	0.02998	0.02998	0.02998
ACG	ACA	GA	-1.08018	0.11019	0.06119	1.08018	0.03741	0.06119	0.06119	0.06119
AAT	TAT	AT	0.77044	0.01052	0.01509	-0.77044	0.02274	0.01509	0.00537	0.00537
AAT	CAT	AC	-0.27197	0.03527	0.03069	0.27197	0.02687	0.03069	0.01092	0.01092
AAT	ATT	AT	0.45198	0.01052	0.01308	-0.45198	0.01653	0.01308	0.00466	0.00466
AAT	ACT	AC	-0.96512	0.03527	0.02094	0.96512	0.01343	0.02094	0.00746	0.00746
AAC	TAC	AT	-0.03101	0.01919	0.01889	0.03101	0.01860	0.01889	0.00672	0.00672
AAC	CAC	AC	-1.03980	0.06431	0.03657	1.03980	0.02274	0.03657	0.01302	0.01302
AAC	ATC	AT	0.63397	0.01919	0.02591	-0.63397	0.03617	0.02591	0.00922	0.00922
AAC	ACC	AC	-0.79864	0.06431	0.04201	0.79864	0.02894	0.04201	0.01495	0.01495
AAC	AAT	CT	0.60869	0.10768	0.14376	-0.60869	0.19792	0.14376	0.14376	0.14376
AAA	CAA	AC	-0.69686	0.00415	0.00287	0.69686	0.00207	0.00287	0.00102	0.00102
AAA	ATA	AT	0.51261	0.00124	0.00158	-0.51261	0.00207	0.00158	0.00056	0.00056
AAA	ACA	AC	0.68944	0.00415	0.00574	-0.68944	0.00827	0.00574	0.00204	0.00204
AAA	AAT	AT	2.65267	0.00124	0.00353	-2.65267	0.01757	0.00353	0.00126	0.00126
AAA	AAC	AC	2.04398	0.00415	0.00974	-2.04398	0.03204	0.00974	0.00347	0.00347
AAG	CAG	AC	-0.93527	0.06846	0.04136	0.93527	0.02687	0.04136	0.01472	0.01472
AAG	ATG	AT	0.41730	0.02043	0.02498	-0.41730	0.03100	0.02498	0.00889	0.00889
AAG	ACG	AC	-1.24893	0.06846	0.03438	1.24893	0.01963	0.03438	0.01224	0.01224
AAG	AAT	GT	-0.36587	0.02043	0.01692	0.36587	0.01417	0.01692	0.00602	0.00602
AAG	AAC	GC	-0.97456	0.06846	0.04043	0.97456	0.02583	0.04043	0.01439	0.01439
AAG	AAA	GA	-3.01855	0.19138	0.02968	3.01855	0.00935	0.02968	0.02968	0.02968
AGT	TGT	AT	2.30437	0.00062	0.00158	-2.30437	0.00620	0.00158	0.00056	0.00056
AGT	CGT	AC	2.07573	0.00207	0.00492	-2.07573	0.01653	0.00492	0.00175	0.00175
AGT	ATT	GT	3.07001	0.00062	0.00199	-3.07001	0.01333	0.00199	0.00071	0.00071
AGT	ACT	GC	1.65291	0.00207	0.00424	-1.65291	0.01083	0.00424	0.00151	0.00151
AGT	AAT	GA	2.61803	0.00580	0.01638	-2.61803	0.07950	0.01638	0.00583	0.00583
AGC	TGC	AT	2.45852	0.00124	0.00333	-2.45852	0.01447	0.00333	0.00118	0.00118
AGC	CGC	AC	1.86809	0.00415	0.00917	-1.86809	0.02687	0.00917	0.00326	0.00326
AGC	ATC	GT	3.15962	0.00124	0.00408	-3.15962	0.02917	0.00408	0.00145	0.00145
AGC	ACC	GC	1.72701	0.00415	0.00872	-1.72701	0.02333	0.00872	0.00310	0.00310
AGC	AAC	GA	2.52565	0.01160	0.03184	-2.52565	0.14498	0.03184	0.01134	0.01134
AGC	AGT	CT	0.51632	0.00695	0.00889	-0.51632	0.01164	0.00889	0.00889	0.00889
AGA	CGA	AC	-0.69686	0.00000	0.00000	0.69686	0.00000	0.00000	0.00000	0.00000
AGA	ATA	GT	7.71600	0.00000	0.00000	-7.71600	0.00167	0.00001	0.00000	0.00000
AGA	ACA	GC	7.89283	0.00000	0.00000	-7.89283	0.00667	0.00002	0.00000	0.00001
AGA	AAA	GA	7.20339	0.00000	0.00000	-7.20339	0.00935	0.00005	0.00000	0.00002
AGA	AGT	AT	7.23804	0.00000	0.00000	-7.23804	0.00103	0.00001	0.00000	0.00000
AGA	AGC	AC	6.72172	0.00000	0.00000	-6.72172	0.00207	0.00002	0.00000	0.00001
AGG	TGG	AT	-9.25735	0.01300	0.00001	9.25735	0.00000	0.00000	0.00000	0.00000
AGG	CGG	AC	-0.74565	0.04356	0.02932	0.74565	0.02067	0.02932	0.02932	0.02932
AGG	ATG	GT	0.65410	0.01300	0.01771	-0.65410	0.02500	0.01771	0.00630	0.00630
AGG	ACG	GC	-1.01213	0.04356	0.02518	1.01213	0.01583	0.02518	0.00896	0.00896
AGG	AAG	GA	0.23680	0.12179	0.13678	-0.23680	0.15433	0.13678	0.04869	0.04869
AGG	AGT	GT	-2.74710	0.01300	0.00245	2.74710	0.00083	0.00245	0.00087	0.00087
AGG	AGC	GC	-3.26342	0.04356	0.00566	3.26342	0.00167	0.00566	0.00201	0.00201
AGG	AGA	GA	-9.98514	0.12179	0.00006	9.98514	0.00000	0.00000	0.00006	0.00000
GTT	TTT	GT	-0.70588	0.01857	0.01278	0.70588	0.00917	0.01278	0.00455	0.00455
GTT	CTT	GC	-1.22220	0.06224	0.03176	1.22220	0.01833	0.03176	0.01131	0.01131
GTT	ATT	GA	-0.84380	0.17399	0.11078	0.84380	0.07483	0.11078	0.03944	0.03944
GTC	TTC	GT	-1.10949	0.03033	0.01655	1.10949	0.01000	0.01655	0.00589	0.00589
GTC	CTC	GC	-1.01967	0.10165	0.05848	1.01967	0.03667	0.05848	0.02082	0.02082
GTC	ATC	GA	-0.55166	0.28418	0.21296	0.55166	0.16368	0.21296	0.07581	0.07581
GTC	GTT	CT	0.71884	0.17020	0.23864	-0.71884	0.34927	0.23864	0.23864	0.23864
GTA	TTA	GT	0.00974	0.00248	0.00249	-0.00974	0.00250	0.00249	0.00089	0.00089
GTA	CTA	GC	-1.60519	0.00830	0.00335	1.60519	0.00167	0.00335	0.00119	0.00119
GTA	ATA	GA	-0.90833	0.02320	0.01424	0.90833	0.00935	0.01424	0.00507	0.00507
GTA	GTT	AT	2.52751	0.00248	0.00680	-2.52751	0.03100	0.00680	0.00680	0.00680
GTA	GTC	AC	1.80867	0.00830	0.01795	-1.80867	0.05064	0.01795	0.01795	0.01795
GTG	TTG	GT	-0.12379	0.01981	0.01861	0.12379	0.01750	0.01861	0.00662	0.00662
GTG	CTG	GC	-0.66421	0.06638	0.04676	0.66421	0.03417	0.04676	0.01665	0.01665
GTG	ATG	GA	-0.27973	0.18559	0.16084	0.27973	0.14030	0.16084	0.05725	0.05725
GTG	GTT	GT	0.23288	0.01981	0.02220	-0.23288	0.02500	0.02220	0.02220	0.02220
GTG	GTC	GC	-0.48596	0.06638	0.05156	0.48596	0.04083	0.05156	0.05156	0.05156
GTG	GTA	GA	-2.29463	0.18559	0.04774	2.29463	0.01871	0.04774	0.04774	0.04774
GCT	TCT	GT	-0.12746	0.01609	0.01509	0.12746	0.01417	0.01509	0.00537	0.00537
GCT	CCT	GC	-1.68523	0.05394	0.02069	1.68523	0.01000	0.02069	0.00736	0.00736
GCT	ACT	GA	-0.90833	0.15079	0.09253	0.90833	0.06080	0.09253	0.03294	0.03294
GCT	GTT	CT	1.35257	0.09031	0.16475	-1.35257	0.34927	0.16475	0.05865	0.05865
GCC	TCC	GT	-0.92635	0.04209	0.02556	0.92635	0.01667	0.02556	0.00910	0.00910
GCC	CCC	GC	-1.39388	0.14107	0.06488	1.39388	0.03500	0.06488	0.02310	0.02310
GCC	ACC	GA	-1.10249	0.39437	0.21613	1.10249	0.13095	0.21613	0.07694	0.07694
GCC	GTC	CT	0.88178	0.23620	0.35545	-0.88178	0.57047	0.35545	0.12653	0.12653
GCC	GCT	CT	0.24805	0.23620	0.26670	-0.24805	0.30270	0.26670	0.26670	0.26670
GCA	TCA	GT	-7.52663	0.00186	0.00001	7.52663	0.00000	0.00000	0.00000	0.00000
GCA	CCA	GC	-1.31751	0.00622	0.00300	1.31751	0.00167	0.00300	0.00107	0.00107
GCA	ACA	GA	0.76564	0.01740	0.02490	-0.76564	0.03741	0.02490	0.00886	0.00886
GCA	GTA	CT	1.49715	0.01042	0.02010	-1.49715	0.04657	0.02010	0.00715	0.00715
GCA	GCT	AT	2.67209	0.00186	0.00533	-2.67209	0.02687	0.00533	0.00533	0.00533
GCA	GCC	AC	2.42404	0.00622	0.01655	-2.42404	0.07027	0.01655	0.01655	0.01655
GCG	TCG	GT	-0.21340	0.02166	0.01943	0.21340	0.01750	0.01943	0.00692	0.00692
GCG	CCG	GC	-1.20930	0.07261	0.03735	1.20930	0.02167	0.03735	0.01329	0.01329
GCG	ACG	GA	-0.82610	0.20298	0.13056	0.82610	0.08886	0.13056	0.04647	0.04647
GCG	GTG	CT	1.11985	0.12157	0.20209	-1.11985	0.37255	0.20209	0.07194	0.07194
GCG	GCT	GT	0.00017	0.02166	0.02166	-0.00017	0.02167	0.02166	0.02166	0.02166
GCG	GCC	GC	-0.24788	0.07261	0.06398	0.24788	0.05667	0.06398	0.06398	0.06398
GCG	GCA	GA	-2.67192	0.20298	0.04027	2.67192	0.01403	0.04027	0.04027	0.04027
GAT	TAT	GT	0.05626	0.01733	0.01782	-0.05626	0.01833	0.01782	0.00634	0.00634
GAT	CAT	GC	-0.98615	0.05809	0.03408	0.98615	0.02167	0.03408	0.01213	0.01213
GAT	AAT	GA	-0.71418	0.16239	0.11124	0.71418	0.07950	0.11124	0.03960	0.03960
GAT	GTT	AT	0.58160	0.01733	0.02286	-0.58160	0.03100	0.02286	0.00814	0.00814
GAT	GCT	AC	-0.77097	0.05809	0.03854	0.77097	0.02687	0.03854	0.01372	0.01372
GAC	TAC	GT	-0.95534	0.03899	0.02329	0.95534	0.01500	0.02329	0.00829	0.00829
GAC	CAC	GC	-1.96414	0.13069	0.04188	1.96414	0.01833	0.04188	0.01491	0.01491
GAC	AAC	GA	-0.92433	0.36537	0.22216	0.92433	0.14498	0.22216	0.07908	0.07908
GAC	GTC	AT	0.26129	0.03899	0.04431	-0.26129	0.05064	0.04431	0.01577	0.01577
GAC	GCC	AC	-0.62048	0.13069	0.09431	0.62048	0.07027	0.09431	0.03357	0.03357
GAC	GAT	CT	0.39853	0.21883	0.26533	-0.39853	0.32598	0.26533	0.26533	0.26533
GAA	CAA	GC	-1.60519	0.00830	0.00335	1.60519	0.00167	0.00335	0.00119	0.00119
GAA	AAA	GA	-0.90833	0.02320	0.01424	0.90833	0.00935	0.01424	0.00507	0.00507
GAA	GTA	AT	0.51261	0.00248	0.00316	-0.51261	0.00413	0.00316	0.00113	0.00113
GAA	GCA	AC	-0.98454	0.00830	0.00487	0.98454	0.00310	0.00487	0.00173	0.00173
GAA	GAT	AT	2.45852	0.00248	0.00666	-2.45852	0.02894	0.00666	0.00237	0.00237
GAA	GAC	AC	2.05998	0.00830	0.01959	-2.05998	0.06510	0.01959	0.00697	0.00697
GAG	CAG	GC	-1.54577	0.10165	0.04256	1.54577	0.02167	0.04256	0.01515	0.01515
GAG	AAG	GA	-0.61050	0.28418	0.20620	0.61050	0.15433	0.20620	0.07340	0.07340
GAG	GTG	AT	0.08652	0.03033	0.03166	-0.08652	0.03307	0.03166	0.01127	0.01127
GAG	GCG	AC	-1.03333	0.10165	0.05802	1.03333	0.03617	0.05802	0.02065	0.02065
GAG	GAT	GT	-0.26220	0.03033	0.02653	0.26220	0.02333	0.02653	0.00944	0.00944
GAG	GAC	GC	-0.66073	0.10165	0.07174	0.66073	0.05250	0.07174	0.02554	0.02554
GAG	GAA	GA	-2.72071	0.28418	0.05448	2.72071	0.01871	0.05448	0.05448	0.05448
GGT	TGT	GT	0.47974	0.00309	0.00390	-0.47974	0.00500	0.00390	0.00139	0.00139
GGT	CGT	GC	0.25111	0.01037	0.01173	-0.25111	0.01333	0.01173	0.00418	0.00418
GGT	AGT	GA	-1.82463	0.02900	0.01017	1.82463	0.00468	0.01017	0.00362	0.00362
GGT	GTT	GT	2.08918	0.00309	0.00738	-2.08918	0.02500	0.00738	0.00263	0.00263
GGT	GCT	GC	0.73661	0.01037	0.01466	-0.73661	0.02167	0.01466	0.00522	0.00522
GGT	GAT	GA	1.50758	0.02900	0.05615	-1.50758	0.13095	0.05615	0.01999	0.01999
GGC	TGC	GT	-0.32162	0.01609	0.01364	0.32162	0.01167	0.01364	0.00486	0.00486
GGC	CGC	GC	-0.91204	0.05394	0.03303	0.91204	0.02167	0.03303	0.01176	0.01176
GGC	AGC	GA	-2.78014	0.15079	0.02772	2.78014	0.00935	0.02772	0.00987	0.00987
GGC	GTC	GT	0.93114	0.01609	0.02473	-0.93114	0.04083	0.02473	0.00880	0.00880
GGC	GCC	GC	0.04937	0.05394	0.05528	-0.04937	0.05667	0.05528	0.01968	0.01968
GGC	GAC	GA	0.66985	0.15079	0.20689	-0.66985	0.29463	0.20689	0.07365	0.07365
GGC	GGT	CT	-0.43919	0.09031	0.07193	0.43919	0.05821	0.07193	0.07193	0.07193
GGA	CGA	GC	-9.02377	0.00830	0.00001	9.02377	0.00000	0.00000	0.00000	0.00000
GGA	AGA	GA	-8.32692	0.02320	0.00005	8.32692	0.00000	0.00000	0.00002	0.00000
GGA	GTA	GT	0.29742	0.00248	0.00286	-0.29742	0.00333	0.00286	0.00102	0.00102
GGA	GCA	GC	-1.19973	0.00830	0.00429	1.19973	0.00250	0.00429	0.00153	0.00153
GGA	GAA	GA	-0.21519	0.02320	0.02079	0.21519	0.01871	0.02079	0.00740	0.00740
GGA	GGT	AT	0.73575	0.00248	0.00350	-0.73575	0.00517	0.00350	0.00350	0.00350
GGA	GGC	AC	1.17495	0.00830	0.01411	-1.17495	0.02687	0.01411	0.01411	0.01411
GGG	TGG	GT	-9.51906	0.01362	0.00001	9.51906	0.00000	0.00000	0.00000	0.00000
GGG	CGG	GC	-1.00735	0.04564	0.02645	1.00735	0.01667	0.02645	0.00941	0.00941
GGG	AGG	GA	-0.26171	0.12759	0.11162	0.26171	0.09821	0.11162	0.03973	0.03973
GGG	GTG	GT	0.67211	0.01362	0.01870	-0.67211	0.02667	0.01870	0.00666	0.00666
GGG	GCG	GC	-0.44774	0.04564	0.03618	0.44774	0.02917	0.03618	0.01288	0.01288
GGG	GAG	GA	0.58559	0.12759	0.16857	-0.58559	0.22916	0.16857	0.06001	0.06001
GGG	GGT	GT	-1.18418	0.01362	0.00711	1.18418	0.00417	0.00711	0.00711	0.00711
GGG	GGC	GC	-0.74499	0.04564	0.03073	0.74499	0.02167	0.03073	0.03073	0.03073
GGG	GGA	GA	-1.91994	0.12759	0.04209	1.91994	0.01871	0.04209	0.04209	0.04209


Histograms
2Ns	FMut	FSub(CodonUsage)	FSubw(after w)

-9.59167	0.01558	0.00001	0.00002
-8.63250	0.00656	0.00001	0.00001
-7.67334	0.00106	0.00001	0.00000
-6.71417	0.00013	0.00000	0.00000
-5.75500	0.00023	0.00000	0.00000
-4.79584	0.00000	0.00000	0.00000
-3.83667	0.00000	0.00000	0.00000
-2.87750	0.07114	0.01596	0.02278
-1.91833	0.09396	0.04195	0.03712
-0.95917	0.39571	0.29899	0.28149
0.00000	0.23442	0.28616	0.31719
0.95917	0.16088	0.29899	0.28149
1.91833	0.01598	0.04195	0.03712
2.87750	0.00435	0.01596	0.02278
3.83667	0.00000	0.00000	0.00000
4.79584	0.00000	0.00000	0.00000
5.75500	0.00000	0.00000	0.00000
6.71417	0.00000	0.00000	0.00000
7.67334	0.00000	0.00000	0.00000
8.63250	0.00000	0.00000	0.00000
9.59167	0.00000	0.00000	0.00000

Proportion of advantageous (S > 0) mutations:
 0.28240

Proportions of good & bad mutations (|S| > 2.0000) among mutations:
0.00659  0.11502

mean |Ns| = 1.20602	mean Ns+ = 0.72819	mean Ns- = -1.39406

	2
I	J	ij	2Ns_IJ	pMut_IJ	pSub_IJ	2Ns_JI	pMut_JI	pSub_JI

TTC	TTT	CT	1.65191	0.03281	0.06706	-1.65191	0.17118	0.06706	0.06706	0.06706
TTA	TTT	AT	1.77152	0.00261	0.00557	-1.77152	0.01534	0.00557	0.00225	0.00225
TTA	TTC	AC	0.11961	0.00953	0.01011	-0.11961	0.01074	0.01011	0.00409	0.00409
TTG	TTT	GT	-0.28545	0.01478	0.01277	0.28545	0.01111	0.01277	0.00517	0.00517
TTG	TTC	GC	-1.93736	0.05398	0.01760	1.93736	0.00778	0.01760	0.00712	0.00712
TTG	TTA	GA	-2.05697	0.14057	0.04238	2.05697	0.01797	0.04238	0.04238	0.04238
TCT	TTT	CT	1.03287	0.06094	0.09773	-1.03287	0.17118	0.09773	0.03954	0.03954
TCC	TTC	CT	0.46856	0.07500	0.09394	-0.46856	0.11983	0.09394	0.03801	0.03801
TCC	TCT	CT	1.08760	0.07500	0.12304	-1.08760	0.22254	0.12304	0.12304	0.12304
TCA	TTA	CT	9.40696	0.00000	0.00000	-9.40696	0.05135	0.00004	0.00000	0.00002
TCA	TCT	AT	10.14561	0.00000	0.00000	-10.14561	0.01994	0.00001	0.00000	0.00001
TCA	TCC	AC	9.05801	0.00000	0.00000	-9.05801	0.02454	0.00003	0.00000	0.00003
TCG	TTG	CT	1.29523	0.07969	0.14214	-1.29523	0.29101	0.14214	0.05751	0.05751
TCG	TCT	GT	-0.02309	0.01478	0.01461	0.02309	0.01444	0.01461	0.01461	0.01461
TCG	TCC	GC	-1.11068	0.05398	0.02944	1.11068	0.01778	0.02944	0.02944	0.02944
TCG	TCA	GA	-10.16870	0.14057	0.00005	10.16870	0.00000	0.00000	0.00005	0.00000
TAT	TTT	AT	0.03691	0.01478	0.01506	-0.03691	0.01534	0.01506	0.00609	0.00609
TAT	TCT	AC	-0.99596	0.05398	0.03149	0.99596	0.01994	0.03149	0.01274	0.01274
TAC	TTC	AT	-0.05150	0.01130	0.01102	0.05150	0.01074	0.01102	0.00446	0.00446
TAC	TCC	AC	-0.52005	0.04128	0.03147	0.52005	0.02454	0.03147	0.01273	0.01273
TAC	TAT	CT	1.56350	0.06094	0.12051	-1.56350	0.29101	0.12051	0.12051	0.12051
TGT	TTT	GT	1.16147	0.00348	0.00588	-1.16147	0.01111	0.00588	0.00238	0.00238
TGT	TCT	GC	0.12860	0.01270	0.01354	-0.12860	0.01444	0.01354	0.00548	0.00548
TGT	TAT	GA	1.12455	0.03307	0.05509	-1.12455	0.10183	0.05509	0.02229	0.02229
TGC	TTC	GT	-0.20681	0.00956	0.00861	0.20681	0.00778	0.00861	0.00348	0.00348
TGC	TCC	GC	-0.67536	0.03493	0.02445	0.67536	0.01778	0.02445	0.00989	0.00989
TGC	TAC	GA	-0.15531	0.09095	0.08407	0.15531	0.07787	0.08407	0.03402	0.03402
TGC	TGT	CT	0.28363	0.05156	0.05922	-0.28363	0.06847	0.05922	0.05922	0.05922
TGG	TTG	GT	10.09151	0.00000	0.00000	-10.09151	0.01889	0.00001	0.00000	0.00000
TGG	TCG	GC	8.79627	0.00000	0.00000	-8.79627	0.01889	0.00003	0.00000	0.00001
TGG	TGT	GT	8.64459	0.00000	0.00000	-8.64459	0.00444	0.00001	0.00000	0.00000
TGG	TGC	GC	8.36095	0.00000	0.00000	-8.36095	0.01222	0.00002	0.00000	0.00001
CTT	TTT	CT	0.76461	0.07969	0.11400	-0.76461	0.17118	0.11400	0.04612	0.04612
CTC	TTC	CT	-0.25536	0.15469	0.13578	0.25536	0.11983	0.13578	0.05494	0.05494
CTC	CTT	CT	0.63194	0.15469	0.20868	-0.63194	0.29101	0.20868	0.20868	0.20868
CTA	TTA	CT	2.39385	0.00469	0.01235	-2.39385	0.05135	0.01235	0.01235	0.01235
CTA	CTT	AT	3.40076	0.00087	0.00306	-3.40076	0.02607	0.00306	0.00306	0.00306
CTA	CTC	AC	2.76882	0.00318	0.00938	-2.76882	0.05061	0.00938	0.00938	0.00938
CTG	TTG	CT	0.72725	0.14063	0.19791	-0.72725	0.29101	0.19791	0.19791	0.19791
CTG	CTT	GT	-0.32281	0.02609	0.02210	0.32281	0.01889	0.02210	0.02210	0.02210
CTG	CTC	GC	-0.95475	0.09526	0.05691	0.95475	0.03667	0.05691	0.05691	0.05691
CTG	CTA	GA	-3.72356	0.24806	0.02286	3.72356	0.00599	0.02286	0.02286	0.02286
CCT	TCT	CT	1.66296	0.04219	0.08657	-1.66296	0.22254	0.08657	0.03503	0.03503
CCT	CTT	CT	1.93122	0.04219	0.09529	-1.93122	0.29101	0.09529	0.03855	0.03855
CCC	TCC	CT	0.66663	0.14063	0.19267	-0.66663	0.27389	0.19267	0.07796	0.07796
CCC	CTC	CT	1.39054	0.14063	0.26036	-1.39054	0.56490	0.26036	0.10534	0.10534
CCC	CCT	CT	0.09126	0.14063	0.14714	-0.09126	0.15406	0.14714	0.14714	0.14714
CCA	TCA	CT	-6.41103	0.00938	0.00010	6.41103	0.00000	0.00000	0.00004	0.00000
CCA	CTA	CT	0.60209	0.00938	0.01248	-0.60209	0.01712	0.01248	0.00505	0.00505
CCA	CCT	AT	2.07162	0.00174	0.00412	-2.07162	0.01380	0.00412	0.00412	0.00412
CCA	CCC	AC	1.98036	0.00635	0.01459	-1.98036	0.04601	0.01459	0.01459	0.01459
CCG	TCG	CT	1.18401	0.08906	0.15196	-1.18401	0.29101	0.15196	0.06148	0.06148
CCG	CTG	CT	1.75199	0.08906	0.18878	-1.75199	0.51355	0.18878	0.07638	0.07638
CCG	CCT	GT	-0.50204	0.01652	0.01272	0.50204	0.01000	0.01272	0.01272	0.01272
CCG	CCC	GC	-0.59330	0.06033	0.04419	0.59330	0.03333	0.04419	0.04419	0.04419
CCG	CCA	GA	-2.57366	0.15710	0.03338	2.57366	0.01198	0.03338	0.03338	0.03338
CAT	TAT	CT	1.03741	0.10313	0.16571	-1.03741	0.29101	0.16571	0.06705	0.06705
CAT	CTT	AT	0.30971	0.01913	0.02224	-0.30971	0.02607	0.02224	0.00900	0.00900
CAT	CCT	AC	-1.62151	0.06986	0.02790	1.62151	0.01380	0.02790	0.01129	0.01129
CAC	TAC	CT	1.08760	0.07500	0.12304	-1.08760	0.22254	0.12304	0.04978	0.04978
CAC	CTC	AT	1.29146	0.01391	0.02478	-1.29146	0.05061	0.02478	0.01003	0.01003
CAC	CCC	AC	-0.09908	0.05081	0.04833	0.09908	0.04601	0.04833	0.01955	0.01955
CAC	CAT	CT	1.61369	0.07500	0.15113	-1.61369	0.37660	0.15113	0.15113	0.15113
CAA	CTA	AT	0.56754	0.00087	0.00114	-0.56754	0.00153	0.00114	0.00046	0.00046
CAA	CCA	AC	-0.03454	0.00318	0.00312	0.03454	0.00307	0.00312	0.00126	0.00126
CAA	CAT	AT	3.65859	0.00087	0.00327	-3.65859	0.03374	0.00327	0.00132	0.00132
CAA	CAC	AC	2.04490	0.00318	0.00746	-2.04490	0.02454	0.00746	0.00302	0.00302
CAG	CTG	AT	0.92422	0.01826	0.02798	-0.92422	0.04601	0.02798	0.01132	0.01132
CAG	CCG	AC	-0.82777	0.06668	0.04285	0.82777	0.02914	0.04285	0.01734	0.01734
CAG	CAT	GT	0.29170	0.01826	0.02105	-0.29170	0.02444	0.02105	0.00852	0.00852
CAG	CAC	GC	-1.32199	0.06668	0.03205	1.32199	0.01778	0.03205	0.01297	0.01297
CAG	CAA	GA	-3.36689	0.17364	0.02089	3.36689	0.00599	0.02089	0.02089	0.02089
CGT	TGT	CT	0.11658	0.06094	0.06456	-0.11658	0.06847	0.06456	0.02612	0.02612
CGT	CTT	GT	0.51344	0.01130	0.01445	-0.51344	0.01889	0.01445	0.00585	0.00585
CGT	CCT	GC	-1.41778	0.04128	0.01871	1.41778	0.01000	0.01871	0.00757	0.00757
CGT	CAT	GA	0.20373	0.10749	0.11881	-0.20373	0.13178	0.11881	0.04807	0.04807
CGC	TGC	CT	0.85992	0.07969	0.11880	-0.85992	0.18830	0.11880	0.04807	0.04807
CGC	CTC	GT	0.90847	0.01478	0.02250	-0.90847	0.03667	0.02250	0.00910	0.00910
CGC	CCC	GC	-0.48207	0.05398	0.04201	0.48207	0.03333	0.04201	0.01700	0.01700
CGC	CAC	GA	-0.38299	0.14057	0.11536	0.38299	0.09584	0.11536	0.04668	0.04668
CGC	CGT	CT	1.02697	0.07969	0.12749	-1.02697	0.22254	0.12749	0.12749	0.12749
CGA	CTA	GT	7.25829	0.00000	0.00000	-7.25829	0.00111	0.00001	0.00000	0.00000
CGA	CCA	GC	6.65620	0.00000	0.00000	-6.65620	0.00222	0.00002	0.00000	0.00001
CGA	CAA	GA	6.69075	0.00000	0.00000	-6.69075	0.00599	0.00005	0.00000	0.00002
CGA	CGT	AT	10.14561	0.00000	0.00000	-10.14561	0.01994	0.00001	0.00000	0.00001
CGA	CGC	AC	9.11864	0.00000	0.00000	-9.11864	0.02607	0.00003	0.00000	0.00003
CGG	TGG	CT	-8.49047	0.07500	0.00013	8.49047	0.00000	0.00000	0.00005	0.00000
CGG	CTG	GT	0.87378	0.01391	0.02086	-0.87378	0.03333	0.02086	0.00844	0.00844
CGG	CCG	GC	-0.87821	0.05081	0.03172	0.87821	0.02111	0.03172	0.01283	0.01283
CGG	CAG	GA	-0.05043	0.13230	0.12899	0.05043	0.12579	0.12899	0.05219	0.05219
CGG	CGT	GT	0.03754	0.01391	0.01418	-0.03754	0.01444	0.01418	0.01418	0.01418
CGG	CGC	GC	-0.98943	0.05081	0.02975	0.98943	0.01889	0.02975	0.02975	0.02975
CGG	CGA	GA	-10.10807	0.13230	0.00005	10.10807	0.00000	0.00000	0.00005	0.00000
ATT	TTT	AT	0.30518	0.01130	0.01312	-0.30518	0.01534	0.01312	0.00531	0.00531
ATT	CTT	AC	-0.45943	0.04128	0.03252	0.45943	0.02607	0.03252	0.01316	0.01316
ATC	TTC	AT	-0.85384	0.02522	0.01596	0.85384	0.01074	0.01596	0.00646	0.00646
ATC	CTC	AC	-0.59848	0.09209	0.06726	0.59848	0.05061	0.06726	0.02721	0.02721
ATC	ATT	CT	0.49289	0.13594	0.17218	-0.49289	0.22254	0.17218	0.17218	0.17218
ATA	TTA	AT	1.66616	0.00087	0.00179	-1.66616	0.00460	0.00179	0.00072	0.00072
ATA	CTA	AC	-0.72769	0.00318	0.00216	0.72769	0.00153	0.00216	0.00087	0.00087
ATA	ATT	AT	3.13249	0.00087	0.00285	-3.13249	0.01994	0.00285	0.00285	0.00285
ATA	ATC	AC	2.63960	0.00318	0.00903	-2.63960	0.04448	0.00903	0.00903	0.00903
ATG	TTG	AT	0.26526	0.02000	0.02277	-0.26526	0.02607	0.02277	0.00921	0.00921
ATG	CTG	AC	-0.46199	0.07303	0.05746	0.46199	0.04601	0.05746	0.02325	0.02325
ATG	ATT	GT	-0.32537	0.02000	0.01692	0.32537	0.01444	0.01692	0.00685	0.00685
ATG	ATC	GC	-0.81826	0.07303	0.04718	0.81826	0.03222	0.04718	0.01909	0.01909
ATG	ATA	GA	-3.45786	0.19018	0.02139	3.45786	0.00599	0.02139	0.00865	0.00865
ACT	TCT	AT	0.93527	0.00783	0.01205	-0.93527	0.01994	0.01205	0.00487	0.00487
ACT	CCT	AC	-0.72769	0.02858	0.01943	0.72769	0.01380	0.01943	0.00786	0.00786
ACT	ATT	CT	1.66296	0.04219	0.08657	-1.66296	0.22254	0.08657	0.03503	0.03503
ACC	TCC	AT	0.34440	0.01739	0.02056	-0.34440	0.02454	0.02056	0.00832	0.00832
ACC	CCC	AC	-0.32223	0.06351	0.05382	0.32223	0.04601	0.05382	0.02178	0.02178
ACC	ATC	CT	1.66680	0.09375	0.19265	-1.66680	0.49643	0.19265	0.07795	0.07795
ACC	ACT	CT	0.49673	0.09375	0.11896	-0.49673	0.15406	0.11896	0.11896	0.11896
ACA	TCA	AT	-8.23733	0.00522	0.00001	8.23733	0.00000	0.00000	0.00000	0.00000
ACA	CCA	AC	-1.82630	0.01905	0.00668	1.82630	0.00307	0.00668	0.00270	0.00270
ACA	ATA	CT	-0.49653	0.02813	0.02172	0.49653	0.01712	0.02172	0.00879	0.00879
ACA	ACT	AT	0.97301	0.00522	0.00816	-0.97301	0.01380	0.00816	0.00816	0.00816
ACA	ACC	AC	0.47628	0.01905	0.02395	-0.47628	0.03068	0.02395	0.02395	0.02395
ACG	TCG	AT	0.83581	0.01130	0.01668	-0.83581	0.02607	0.01668	0.00675	0.00675
ACG	CCG	AC	-0.34820	0.04128	0.03451	0.34820	0.02914	0.03451	0.01396	0.01396
ACG	ATG	CT	1.86578	0.06094	0.13452	-1.86578	0.39372	0.13452	0.05443	0.05443
ACG	ACT	GT	-0.12255	0.01130	0.01063	0.12255	0.01000	0.01063	0.01063	0.01063
ACG	ACC	GC	-0.61928	0.04128	0.02981	0.61928	0.02222	0.02981	0.02981	0.02981
ACG	ACA	GA	-1.09556	0.10749	0.05915	1.09556	0.03594	0.05915	0.05915	0.05915
AAT	TAT	AT	0.83581	0.01130	0.01668	-0.83581	0.02607	0.01668	0.00675	0.00675
AAT	CAT	AC	-0.20160	0.04128	0.03726	0.20160	0.03374	0.03726	0.01508	0.01508
AAT	ATT	AT	0.56754	0.01130	0.01481	-0.56754	0.01994	0.01481	0.00599	0.00599
AAT	ACT	AC	-1.09542	0.04128	0.02272	1.09542	0.01380	0.02272	0.00919	0.00919
AAC	TAC	AT	-0.00300	0.02000	0.01997	0.00300	0.01994	0.01997	0.00808	0.00808
AAC	CAC	AC	-1.09060	0.07303	0.04031	1.09060	0.02454	0.04031	0.01631	0.01631
AAC	ATC	AT	0.79934	0.02000	0.02905	-0.79934	0.04448	0.02905	0.01175	0.01175
AAC	ACC	AC	-0.86745	0.07303	0.04588	0.86745	0.03068	0.04588	0.01856	0.01856
AAC	AAT	CT	0.72469	0.10781	0.15156	-0.72469	0.22254	0.15156	0.15156	0.15156
AAA	CAA	AC	-1.42084	0.00635	0.00287	1.42084	0.00153	0.00287	0.00116	0.00116
AAA	ATA	AT	-0.12560	0.00174	0.00163	0.12560	0.00153	0.00163	0.00066	0.00066
AAA	ACA	AC	0.37092	0.00635	0.00760	-0.37092	0.00920	0.00760	0.00308	0.00308
AAA	AAT	AT	2.43935	0.00174	0.00465	-2.43935	0.01994	0.00465	0.00188	0.00188
AAA	AAC	AC	1.71466	0.00635	0.01328	-1.71466	0.03528	0.01328	0.00537	0.00537
AAG	CAG	AC	-0.90204	0.07938	0.04889	0.90204	0.03221	0.04889	0.01978	0.01978
AAG	ATG	AT	0.48416	0.02174	0.02742	-0.48416	0.03528	0.02742	0.01110	0.01110
AAG	ACG	AC	-1.38162	0.07938	0.03679	1.38162	0.01994	0.03679	0.01488	0.01488
AAG	AAT	GT	-0.40875	0.02174	0.01760	0.40875	0.01444	0.01760	0.00712	0.00712
AAG	AAC	GC	-1.13344	0.07938	0.04272	1.13344	0.02556	0.04272	0.01728	0.01728
AAG	AAA	GA	-2.84810	0.20671	0.03622	2.84810	0.01198	0.03622	0.03622	0.03622
AGT	TGT	AT	1.95384	0.00087	0.00198	-1.95384	0.00614	0.00198	0.00080	0.00080
AGT	CGT	AC	1.83726	0.00318	0.00694	-1.83726	0.01994	0.00694	0.00281	0.00281
AGT	ATT	GT	2.81013	0.00087	0.00260	-2.81013	0.01444	0.00260	0.00105	0.00105
AGT	ACT	GC	1.14717	0.00318	0.00534	-1.14717	0.01000	0.00534	0.00216	0.00216
AGT	AAT	GA	2.24258	0.00827	0.02075	-2.24258	0.07787	0.02075	0.00839	0.00839
AGC	TGC	AT	2.27229	0.00174	0.00441	-2.27229	0.01687	0.00441	0.00178	0.00178
AGC	CGC	AC	1.41237	0.00635	0.01186	-1.41237	0.02607	0.01186	0.00480	0.00480
AGC	ATC	GT	2.91932	0.00174	0.00537	-2.91932	0.03222	0.00537	0.00217	0.00217
AGC	ACC	GC	1.25253	0.00635	0.01114	-1.25253	0.02222	0.01114	0.00451	0.00451
AGC	AAC	GA	2.11998	0.01654	0.03984	-2.11998	0.13777	0.03984	0.01612	0.01612
AGC	AGT	CT	0.60209	0.00938	0.01248	-0.60209	0.01712	0.01248	0.01248	0.01248
AGA	CGA	AC	-0.72769	0.00000	0.00000	0.72769	0.00000	0.00000	0.00000	0.00000
AGA	ATA	GT	7.25829	0.00000	0.00000	-7.25829	0.00111	0.00001	0.00000	0.00000
AGA	ACA	GC	7.75482	0.00000	0.00000	-7.75482	0.00667	0.00002	0.00000	0.00001
AGA	AAA	GA	7.38390	0.00000	0.00000	-7.38390	0.01198	0.00005	0.00000	0.00002
AGA	AGT	AT	7.58066	0.00000	0.00000	-7.58066	0.00153	0.00001	0.00000	0.00000
AGA	AGC	AC	6.97857	0.00000	0.00000	-6.97857	0.00307	0.00002	0.00000	0.00001
AGG	TGG	AT	-9.08463	0.01217	0.00001	9.08463	0.00000	0.00000	0.00001	0.00000
AGG	CGG	AC	-0.59416	0.04445	0.03255	0.59416	0.02454	0.03255	0.03255	0.03255
AGG	ATG	GT	0.74161	0.01217	0.01724	-0.74161	0.02556	0.01724	0.00698	0.00698
AGG	ACG	GC	-1.12417	0.04445	0.02405	1.12417	0.01444	0.02405	0.00973	0.00973
AGG	AAG	GA	0.25745	0.11576	0.13130	-0.25745	0.14975	0.13130	0.05312	0.05312
AGG	AGT	GT	-2.39388	0.01217	0.00293	2.39388	0.00111	0.00293	0.00118	0.00118
AGG	AGC	GC	-2.99597	0.04445	0.00701	2.99597	0.00222	0.00701	0.00284	0.00284
AGG	AGA	GA	-9.97454	0.11576	0.00005	9.97454	0.00000	0.00000	0.00005	0.00000
GTT	TTT	GT	-0.58773	0.02000	0.01469	0.58773	0.01111	0.01469	0.00595	0.00595
GTT	CTT	GC	-1.35234	0.07303	0.03446	1.35234	0.01889	0.03446	0.01394	0.01394
GTT	ATT	GA	-0.89291	0.19018	0.11774	0.89291	0.07787	0.11774	0.04764	0.04764
GTC	TTC	GT	-1.39243	0.03130	0.01441	1.39243	0.00778	0.01441	0.00583	0.00583
GTC	CTC	GC	-1.13707	0.11431	0.06138	1.13707	0.03667	0.06138	0.02484	0.02484
GTC	ATC	GA	-0.53859	0.29767	0.22467	0.53859	0.17371	0.22467	0.09090	0.09090
GTC	GTT	CT	0.84721	0.16875	0.25021	-0.84721	0.39372	0.25021	0.25021	0.25021
GTA	TTA	GT	-0.04251	0.00348	0.00340	0.04251	0.00333	0.00340	0.00138	0.00138
GTA	CTA	GC	-2.43635	0.01270	0.00297	2.43635	0.00111	0.00297	0.00120	0.00120
GTA	ATA	GA	-1.70866	0.03307	0.01250	1.70866	0.00599	0.01250	0.00506	0.00506
GTA	GTT	AT	2.31674	0.00348	0.00894	-2.31674	0.03528	0.00894	0.00894	0.00894
GTA	GTC	AC	1.46953	0.01270	0.02424	-1.46953	0.05522	0.02424	0.02424	0.02424
GTG	TTG	GT	-0.05710	0.02000	0.01943	0.05710	0.01889	0.01943	0.00786	0.00786
GTG	CTG	GC	-0.78435	0.07303	0.04810	0.78435	0.03333	0.04810	0.01946	0.01946
GTG	ATG	GA	-0.32237	0.19018	0.16117	0.32237	0.13777	0.16117	0.06521	0.06521
GTG	GTT	GT	0.24518	0.02000	0.02255	-0.24518	0.02556	0.02255	0.02255	0.02255
GTG	GTC	GC	-0.60203	0.07303	0.05324	0.60203	0.04000	0.05324	0.05324	0.05324
GTG	GTA	GA	-2.07157	0.19018	0.05679	2.07157	0.02396	0.05679	0.05679	0.05679
GCT	TCT	GT	-0.18561	0.01739	0.01583	0.18561	0.01444	0.01583	0.00640	0.00640
GCT	CCT	GC	-1.84857	0.06351	0.02194	1.84857	0.01000	0.02194	0.00888	0.00888
GCT	ACT	GA	-1.12087	0.16537	0.08965	1.12087	0.05391	0.08965	0.03627	0.03627
GCT	GTT	CT	1.43500	0.09375	0.17658	-1.43500	0.39372	0.17658	0.07145	0.07145
GCC	TCC	GT	-0.85344	0.04174	0.02643	0.85344	0.01778	0.02643	0.01069	0.01069
GCC	CCC	GC	-1.52006	0.15242	0.06485	1.52006	0.03333	0.06485	0.02624	0.02624
GCC	ACC	GA	-1.19784	0.39689	0.20554	1.19784	0.11980	0.20554	0.08316	0.08316
GCC	GTC	CT	1.00755	0.22500	0.35707	-1.00755	0.61626	0.35707	0.14448	0.14448
GCC	GCT	CT	0.41977	0.22500	0.27552	-0.41977	0.34237	0.27552	0.27552	0.27552
GCA	TCA	GT	-7.86655	0.00261	0.00001	7.86655	0.00000	0.00000	0.00000	0.00000
GCA	CCA	GC	-1.45552	0.00953	0.00422	1.45552	0.00222	0.00422	0.00171	0.00171
GCA	ACA	GA	0.37078	0.02481	0.02969	-0.37078	0.03594	0.02969	0.01201	0.01201
GCA	GTA	CT	1.58292	0.01406	0.02801	-1.58292	0.06847	0.02801	0.01133	0.01133
GCA	GCT	AT	2.46466	0.00261	0.00703	-2.46466	0.03068	0.00703	0.00703	0.00703
GCA	GCC	AC	2.04490	0.00953	0.02237	-2.04490	0.07362	0.02237	0.02237	0.02237
GCG	TCG	GT	-0.21745	0.02348	0.02102	0.21745	0.01889	0.02102	0.00850	0.00850
GCG	CCG	GC	-1.40146	0.08573	0.03925	1.40146	0.02111	0.03925	0.01588	0.01588
GCG	ACG	GA	-1.05325	0.22325	0.12595	1.05325	0.07787	0.12595	0.05096	0.05096
GCG	GTG	CT	1.13489	0.12656	0.21168	-1.13489	0.39372	0.21168	0.08565	0.08565
GCG	GCT	GT	-0.05493	0.02348	0.02284	0.05493	0.02222	0.02284	0.02284	0.02284
GCG	GCC	GC	-0.47469	0.08573	0.06699	0.47469	0.05333	0.06699	0.06699	0.06699
GCG	GCA	GA	-2.51959	0.22325	0.04924	2.51959	0.01797	0.04924	0.04924	0.04924
GAT	TAT	GT	-0.05710	0.02000	0.01943	0.05710	0.01889	0.01943	0.00786	0.00786
GAT	CAT	GC	-1.09451	0.07303	0.04021	1.09451	0.02444	0.04021	0.01627	0.01627
GAT	AAT	GA	-0.89291	0.19018	0.11774	0.89291	0.07787	0.11774	0.04764	0.04764
GAT	GTT	AT	0.56754	0.02000	0.02621	-0.56754	0.03528	0.02621	0.01060	0.01060
GAT	GCT	AC	-0.86745	0.07303	0.04588	0.86745	0.03068	0.04588	0.01856	0.01856
GAC	TAC	GT	-0.92754	0.03652	0.02216	0.92754	0.01444	0.02216	0.00897	0.00897
GAC	CAC	GC	-2.01514	0.13336	0.04133	2.01514	0.01778	0.04133	0.01672	0.01672
GAC	AAC	GA	-0.92454	0.34728	0.21113	0.92454	0.13777	0.21113	0.08543	0.08543
GAC	GTC	AT	0.41339	0.03652	0.04459	-0.41339	0.05522	0.04459	0.01804	0.01804
GAC	GCC	AC	-0.59416	0.13336	0.09765	0.59416	0.07362	0.09765	0.03951	0.03951
GAC	GAT	CT	0.69306	0.19688	0.27292	-0.69306	0.39372	0.27292	0.27292	0.27292
GAA	CAA	GC	-2.43635	0.01270	0.00297	2.43635	0.00111	0.00297	0.00120	0.00120
GAA	AAA	GA	-1.01551	0.03307	0.01908	1.01551	0.01198	0.01908	0.00772	0.00772
GAA	GTA	AT	0.56754	0.00348	0.00456	-0.56754	0.00614	0.00456	0.00184	0.00184
GAA	GCA	AC	-1.01537	0.01270	0.00733	1.01537	0.00460	0.00733	0.00296	0.00296
GAA	GAT	AT	2.31674	0.00348	0.00894	-2.31674	0.03528	0.00894	0.00362	0.00362
GAA	GAC	AC	1.62368	0.01270	0.02569	-1.62368	0.06442	0.02569	0.01039	0.01039
GAG	CAG	GC	-1.56088	0.11114	0.04610	1.56088	0.02333	0.04610	0.01865	0.01865
GAG	AAG	GA	-0.65884	0.28940	0.20446	0.65884	0.14975	0.20446	0.08273	0.08273
GAG	GTG	AT	0.14769	0.03043	0.03274	-0.14769	0.03528	0.03274	0.01325	0.01325
GAG	GCG	AC	-0.98720	0.11114	0.06516	0.98720	0.04141	0.06516	0.02637	0.02637
GAG	GAT	GT	-0.17468	0.03043	0.02785	0.17468	0.02556	0.02785	0.01127	0.01127
GAG	GAC	GC	-0.86774	0.11114	0.06981	0.86774	0.04667	0.06981	0.02824	0.02824
GAG	GAA	GA	-2.49142	0.28940	0.06508	2.49142	0.02396	0.06508	0.06508	0.06508
GGT	TGT	GT	0.24518	0.00348	0.00392	-0.24518	0.00444	0.00392	0.00159	0.00159
GGT	CGT	GC	0.12860	0.01270	0.01354	-0.12860	0.01444	0.01354	0.00548	0.00548
GGT	AGT	GA	-1.70866	0.03307	0.01250	1.70866	0.00599	0.01250	0.00506	0.00506
GGT	GTT	GT	1.99438	0.00348	0.00803	-1.99438	0.02556	0.00803	0.00325	0.00325
GGT	GCT	GC	0.55938	0.01270	0.01658	-0.55938	0.02222	0.01658	0.00671	0.00671
GGT	GAT	GA	1.42683	0.03307	0.06210	-1.42683	0.13777	0.06210	0.02513	0.02513
GGC	TGC	GT	-0.24730	0.01565	0.01380	0.24730	0.01222	0.01380	0.00558	0.00558
GGC	CGC	GC	-1.10722	0.05716	0.03124	1.10722	0.01889	0.03124	0.01264	0.01264
GGC	AGC	GA	-2.51959	0.14883	0.03283	2.51959	0.01198	0.03283	0.01328	0.01328
GGC	GTC	GT	0.93832	0.01565	0.02413	-0.93832	0.04000	0.02413	0.00976	0.00976
GGC	GCC	GC	-0.06923	0.05716	0.05520	0.06923	0.05333	0.05520	0.02233	0.02233
GGC	GAC	GA	0.52493	0.14883	0.19130	-0.52493	0.25158	0.19130	0.07740	0.07740
GGC	GGT	CT	-0.20884	0.08438	0.07587	0.20884	0.06847	0.07587	0.07587	0.07587
GGA	CGA	GC	-9.44947	0.01270	0.00001	9.44947	0.00000	0.00000	0.00000	0.00000
GGA	AGA	GA	-8.72178	0.03307	0.00005	8.72178	0.00000	0.00000	0.00002	0.00000
GGA	GTA	GT	0.24518	0.00348	0.00392	-0.24518	0.00444	0.00392	0.00159	0.00159
GGA	GCA	GC	-1.33774	0.01270	0.00605	1.33774	0.00333	0.00605	0.00245	0.00245
GGA	GAA	GA	-0.32237	0.03307	0.02803	0.32237	0.02396	0.02803	0.01134	0.01134
GGA	GGT	AT	0.56754	0.00348	0.00456	-0.56754	0.00614	0.00456	0.00456	0.00456
GGA	GGC	AC	0.77639	0.01270	0.01826	-0.77639	0.02761	0.01826	0.01826	0.01826
GGG	TGG	GT	-9.60115	0.01478	0.00001	9.60115	0.00000	0.00000	0.00000	0.00000
GGG	CGG	GC	-1.11068	0.05398	0.02944	1.11068	0.01778	0.02944	0.01191	0.01191
GGG	AGG	GA	-0.51652	0.14057	0.10737	0.51652	0.08386	0.10737	0.04344	0.04344
GGG	GTG	GT	0.54746	0.01478	0.01920	-0.54746	0.02556	0.01920	0.00777	0.00777
GGG	GCG	GC	-0.58743	0.05398	0.03967	0.58743	0.03000	0.03967	0.01605	0.01605
GGG	GAG	GA	0.39977	0.14057	0.17053	-0.39977	0.20965	0.17053	0.06900	0.06900
GGG	GGT	GT	-1.20174	0.01478	0.00764	1.20174	0.00444	0.00764	0.00764	0.00764
GGG	GGC	GC	-0.99290	0.05398	0.03155	0.99290	0.02000	0.03155	0.03155	0.03155
GGG	GGA	GA	-1.76929	0.14057	0.05110	1.76929	0.02396	0.05110	0.05110	0.05110


Histograms
2Ns	FMut	FSub(CodonUsage)	FSubw(after w)

-9.68447	0.01641	0.00001	0.00001
-8.71603	0.00660	0.00001	0.00001
-7.74758	0.00071	0.00000	0.00000
-6.77913	0.00071	0.00001	0.00001
-5.81068	0.00000	0.00000	0.00000
-4.84224	0.00000	0.00000	0.00000
-3.87379	0.01553	0.00201	0.00247
-2.90534	0.04618	0.01157	0.01767
-1.93689	0.15428	0.07111	0.07346
-0.96845	0.39093	0.30160	0.29568
0.00000	0.18141	0.22738	0.22140
0.96845	0.15728	0.30160	0.29568
1.93689	0.02635	0.07111	0.07346
2.90534	0.00320	0.01157	0.01767
3.87379	0.00043	0.00201	0.00247
4.84224	0.00000	0.00000	0.00000
5.81068	0.00000	0.00000	0.00000
6.77913	0.00000	0.00000	0.00000
7.74758	0.00000	0.00000	0.00000
8.71603	0.00000	0.00000	0.00000
9.68447	0.00000	0.00000	0.00000

Proportion of advantageous (S > 0) mutations:
 0.26550

Proportions of good & bad mutations (|S| > 2.0000) among mutations:
0.00716  0.11552

mean |Ns| = 1.30241	mean Ns+ = 0.80807	mean Ns- = -1.48110

	3
I	J	ij	2Ns_IJ	pMut_IJ	pSub_IJ	2Ns_JI	pMut_JI	pSub_JI

TTC	TTT	CT	-1.73645	0.08809	0.03270	1.73645	0.01552	0.03270	0.03270	0.03270
TTA	TTT	AT	-0.60271	0.00274	0.00199	0.60271	0.00150	0.00199	0.00078	0.00078
TTA	TTC	AC	1.13374	0.00578	0.00967	-1.13374	0.01797	0.00967	0.00377	0.00377
TTG	TTT	GT	-1.18865	0.00547	0.00285	1.18865	0.00167	0.00285	0.00111	0.00111
TTG	TTC	GC	0.54780	0.01156	0.01502	-0.54780	0.02000	0.01502	0.00586	0.00586
TTG	TTA	GA	-0.58594	0.03214	0.02364	0.58594	0.01789	0.02364	0.02364	0.02364
TCT	TTT	CT	-1.55413	0.07341	0.03058	1.55413	0.01552	0.03058	0.01193	0.01193
TCC	TTC	CT	0.59430	0.10277	0.13631	-0.59430	0.18619	0.13631	0.05316	0.05316
TCC	TCT	CT	0.41198	0.10277	0.12539	-0.41198	0.15516	0.12539	0.12539	0.12539
TCA	TTA	CT	0.74845	0.01468	0.02085	-0.74845	0.03103	0.02085	0.00813	0.00813
TCA	TCT	AT	1.69988	0.00274	0.00569	-1.69988	0.01497	0.00569	0.00569	0.00569
TCA	TCC	AC	1.28789	0.00578	0.01028	-1.28789	0.02096	0.01028	0.01028	0.01028
TCG	TTG	CT	0.52531	0.03670	0.04718	-0.52531	0.06206	0.04718	0.01840	0.01840
TCG	TCT	GT	0.89079	0.00684	0.01033	-0.89079	0.01667	0.01033	0.01033	0.01033
TCG	TCC	GC	0.47881	0.01446	0.01819	-0.47881	0.02333	0.01819	0.01819	0.01819
TCG	TCA	GA	-0.80909	0.04018	0.02609	0.80909	0.01789	0.02609	0.02609	0.02609
TAT	TTT	AT	-1.98900	0.01094	0.00345	1.98900	0.00150	0.00345	0.00135	0.00135
TAT	TCT	AC	-0.43487	0.02313	0.01846	0.43487	0.01497	0.01846	0.00720	0.00720
TAC	TTC	AT	0.62943	0.00957	0.01290	-0.62943	0.01797	0.01290	0.00503	0.00503
TAC	TCC	AC	0.03513	0.02024	0.02060	-0.03513	0.02096	0.02060	0.00803	0.00803
TAC	TAT	CT	0.88199	0.05138	0.07733	-0.88199	0.12413	0.07733	0.07733	0.07733
TGT	TTT	GT	-0.49550	0.00274	0.00211	0.49550	0.00167	0.00211	0.00082	0.00082
TGT	TCT	GC	1.05863	0.00578	0.00937	-1.05863	0.01667	0.00937	0.00366	0.00366
TGT	TAT	GA	1.49350	0.01607	0.03095	-1.49350	0.07156	0.03095	0.01207	0.01207
TGC	TTC	GT	0.37997	0.01368	0.01644	-0.37997	0.02000	0.01644	0.00641	0.00641
TGC	TCC	GC	-0.21434	0.02891	0.02592	0.21434	0.02333	0.02592	0.01011	0.01011
TGC	TAC	GA	-0.24947	0.08036	0.07075	0.24947	0.06261	0.07075	0.02759	0.02759
TGC	TGT	CT	-0.86098	0.07341	0.04629	0.86098	0.03103	0.04629	0.04629	0.04629
TGG	TTG	GT	0.48533	0.00410	0.00518	-0.48533	0.00667	0.00518	0.00202	0.00202
TGG	TCG	GC	-0.03998	0.00867	0.00850	0.03998	0.00833	0.00850	0.00332	0.00332
TGG	TGT	GT	-0.20782	0.00410	0.00369	0.20782	0.00333	0.00369	0.00144	0.00144
TGG	TGC	GC	0.65316	0.00867	0.01181	-0.65316	0.01667	0.01181	0.00461	0.00461
CTT	TTT	CT	-0.35016	0.02202	0.01839	0.35016	0.01552	0.01839	0.00717	0.00717
CTC	TTC	CT	0.34299	0.13213	0.15609	-0.34299	0.18619	0.15609	0.06087	0.06087
CTC	CTT	CT	-1.04330	0.13213	0.07498	1.04330	0.04655	0.07498	0.07498	0.07498
CTA	TTA	CT	0.74845	0.01468	0.02085	-0.74845	0.03103	0.02085	0.02085	0.02085
CTA	CTT	AT	0.49590	0.00274	0.00347	-0.49590	0.00449	0.00347	0.00347	0.00347
CTA	CTC	AC	1.53921	0.00578	0.01133	-1.53921	0.02695	0.01133	0.01133	0.01133
CTG	TTG	CT	-1.00075	0.16884	0.09822	1.00075	0.06206	0.09822	0.09822	0.09822
CTG	CTT	GT	-1.83924	0.03146	0.01093	1.83924	0.00500	0.01093	0.01093	0.01093
CTG	CTC	GC	-0.79593	0.06650	0.04351	0.79593	0.03000	0.04351	0.04351	0.04351
CTG	CTA	GA	-2.33514	0.18482	0.04625	2.33514	0.01789	0.04625	0.04625	0.04625
CCT	TCT	CT	0.34299	0.11011	0.13007	-0.34299	0.15516	0.13007	0.05073	0.05073
CCT	CTT	CT	-0.86098	0.11011	0.06943	0.86098	0.04655	0.06943	0.02708	0.02708
CCC	TCC	CT	0.74845	0.10277	0.14598	-0.74845	0.21723	0.14598	0.05693	0.05693
CCC	CTC	CT	0.99977	0.10277	0.16256	-0.99977	0.27929	0.16256	0.06340	0.06340
CCC	CCT	CT	0.81745	0.10277	0.15043	-0.81745	0.23274	0.15043	0.15043	0.15043
CCA	TCA	CT	1.44160	0.00734	0.01386	-1.44160	0.03103	0.01386	0.00541	0.00541
CCA	CTA	CT	1.44160	0.00734	0.01386	-1.44160	0.03103	0.01386	0.00541	0.00541
CCA	CCT	AT	2.79849	0.00137	0.00408	-2.79849	0.02246	0.00408	0.00408	0.00408
CCA	CCC	AC	1.98104	0.00289	0.00664	-1.98104	0.02096	0.00664	0.00664	0.00664
CCG	TCG	CT	0.27845	0.05873	0.06728	-0.27845	0.07758	0.06728	0.02624	0.02624
CCG	CTG	CT	1.80451	0.05873	0.12684	-1.80451	0.35687	0.12684	0.04947	0.04947
CCG	CCT	GT	0.82625	0.01094	0.01608	-0.82625	0.02500	0.01608	0.01608	0.01608
CCG	CCC	GC	0.00881	0.02313	0.02323	-0.00881	0.02333	0.02323	0.02323	0.02323
CCG	CCA	GA	-1.97224	0.06428	0.02049	1.97224	0.00894	0.02049	0.02049	0.02049
CAT	TAT	CT	1.44160	0.02936	0.05544	-1.44160	0.12413	0.05544	0.02162	0.02162
CAT	CTT	AT	-0.19724	0.00547	0.00495	0.19724	0.00449	0.00495	0.00193	0.00193
CAT	CCT	AC	0.66374	0.01156	0.01582	-0.66374	0.02246	0.01582	0.00617	0.00617
CAC	TAC	CT	0.05531	0.10277	0.10564	-0.05531	0.10861	0.10564	0.04120	0.04120
CAC	CTC	AT	0.34175	0.01915	0.02261	-0.34175	0.02695	0.02261	0.00882	0.00882
CAC	CCC	AC	-0.65802	0.04048	0.02861	0.65802	0.02096	0.02861	0.01116	0.01116
CAC	CAT	CT	-0.50431	0.10277	0.07902	0.50431	0.06206	0.07902	0.07902	0.07902
CAA	CTA	AT	0.09044	0.00274	0.00286	-0.09044	0.00299	0.00286	0.00112	0.00112
CAA	CCA	AC	-1.35116	0.00578	0.00273	1.35116	0.00150	0.00273	0.00106	0.00106
CAA	CAT	AT	0.78359	0.00274	0.00395	-0.78359	0.00599	0.00395	0.00154	0.00154
CAA	CAC	AC	1.28789	0.00578	0.01028	-1.28789	0.02096	0.01028	0.00401	0.00401
CAG	CTG	AT	0.23020	0.02736	0.03062	-0.23020	0.03444	0.03062	0.01194	0.01194
CAG	CCG	AC	-1.57431	0.05782	0.02378	1.57431	0.01198	0.02378	0.00928	0.00928
CAG	CAT	GT	-1.41179	0.02736	0.01244	1.41179	0.00667	0.01244	0.00485	0.00485
CAG	CAC	GC	-0.90749	0.05782	0.03550	0.90749	0.02333	0.03550	0.01385	0.01385
CAG	CAA	GA	-2.19538	0.16071	0.04419	2.19538	0.01789	0.04419	0.04419	0.04419
CGT	TGT	CT	-0.50431	0.05138	0.03951	0.50431	0.03103	0.03951	0.01541	0.01541
CGT	CTT	GT	-0.64965	0.00957	0.00680	0.64965	0.00500	0.00680	0.00265	0.00265
CGT	CCT	GC	0.21133	0.02024	0.02245	-0.21133	0.02500	0.02245	0.00876	0.00876
CGT	CAT	GA	-0.45241	0.05625	0.04448	0.45241	0.03578	0.04448	0.01735	0.01735
CGC	TGC	CT	1.66475	0.02936	0.06029	-1.66475	0.15516	0.06029	0.02351	0.02351
CGC	CTC	GT	1.70172	0.00547	0.01139	-1.70172	0.03000	0.01139	0.00444	0.00444
CGC	CCC	GC	0.70195	0.01156	0.01609	-0.70195	0.02333	0.01609	0.00628	0.00628
CGC	CAC	GA	1.35997	0.03214	0.05881	-1.35997	0.12523	0.05881	0.02293	0.02293
CGC	CGT	CT	1.30807	0.02936	0.05264	-1.30807	0.10861	0.05264	0.05264	0.05264
CGA	CTA	GT	0.19764	0.00274	0.00301	-0.19764	0.00333	0.00301	0.00118	0.00118
CGA	CCA	GC	-1.24396	0.00578	0.00291	1.24396	0.00167	0.00291	0.00114	0.00114
CGA	CAA	GA	0.10721	0.01607	0.01695	-0.10721	0.01789	0.01695	0.00661	0.00661
CGA	CGT	AT	1.34320	0.00274	0.00497	-1.34320	0.01048	0.00497	0.00497	0.00497
CGA	CGC	AC	0.03513	0.00578	0.00588	-0.03513	0.00599	0.00588	0.00588	0.00588
CGG	TGG	CT	-0.35016	0.06607	0.05517	0.35016	0.04655	0.05517	0.02152	0.02152
CGG	CTG	GT	1.13591	0.01231	0.02060	-1.13591	0.03833	0.02060	0.00803	0.00803
CGG	CCG	GC	-0.66859	0.02602	0.01828	0.66859	0.01333	0.01828	0.00713	0.00713
CGG	CAG	GA	0.90571	0.07232	0.10995	-0.90571	0.17890	0.10995	0.04288	0.04288
CGG	CGT	GT	-0.05367	0.01231	0.01198	0.05367	0.01167	0.01198	0.01198	0.01198
CGG	CGC	GC	-1.36174	0.02602	0.01221	1.36174	0.00667	0.01221	0.01221	0.01221
CGG	CGA	GA	-1.39687	0.07232	0.03320	1.39687	0.01789	0.03320	0.03320	0.03320
ATT	TTT	AT	-1.98900	0.01094	0.00345	1.98900	0.00150	0.00345	0.00135	0.00135
ATT	CTT	AC	-1.63885	0.02313	0.00914	1.63885	0.00449	0.00914	0.00356	0.00356
ATC	TTC	AT	-0.25787	0.02325	0.02038	0.25787	0.01797	0.02038	0.00795	0.00795
ATC	CTC	AC	-0.60086	0.04915	0.03585	0.60086	0.02695	0.03585	0.01398	0.01398
ATC	ATT	CT	-0.00532	0.12479	0.12446	0.00532	0.12413	0.12446	0.12446	0.12446
ATA	TTA	AT	-0.82585	0.00684	0.00440	0.82585	0.00299	0.00440	0.00172	0.00172
ATA	CTA	AC	-1.57431	0.01446	0.00595	1.57431	0.00299	0.00595	0.00232	0.00232
ATA	ATT	AT	0.56044	0.00684	0.00893	-0.56044	0.01198	0.00893	0.00893	0.00893
ATA	ATC	AC	0.56576	0.01446	0.01893	-0.56576	0.02545	0.01893	0.01893	0.01893
ATG	TTG	AT	-1.23132	0.02052	0.01041	1.23132	0.00599	0.01041	0.00406	0.00406
ATG	CTG	AC	-0.23057	0.04337	0.03856	0.23057	0.03444	0.03856	0.01504	0.01504
ATG	ATT	GT	-0.43096	0.02052	0.01641	0.43096	0.01333	0.01641	0.00640	0.00640
ATG	ATC	GC	-0.42565	0.04337	0.03479	0.42565	0.02833	0.03479	0.01357	0.01357
ATG	ATA	GA	-0.99141	0.12053	0.07050	0.99141	0.04472	0.07050	0.02750	0.02750
ACT	TCT	AT	0.78359	0.00684	0.00986	-0.78359	0.01497	0.00986	0.00385	0.00385
ACT	CCT	AC	0.44060	0.01446	0.01787	-0.44060	0.02246	0.01787	0.00697	0.00697
ACT	ATT	CT	1.21846	0.03670	0.06350	-1.21846	0.12413	0.06350	0.02476	0.02476
ACC	TCC	AT	0.53227	0.01231	0.01588	-0.53227	0.02096	0.01588	0.00619	0.00619
ACC	CCC	AC	-0.21618	0.02602	0.02331	0.21618	0.02096	0.02331	0.00909	0.00909
ACC	ATC	CT	1.38444	0.06607	0.12203	-1.38444	0.26378	0.12203	0.04759	0.04759
ACC	ACT	CT	0.16067	0.06607	0.07152	-0.16067	0.07758	0.07152	0.07152	0.07152
ACA	TCA	AT	-0.60271	0.00547	0.00399	0.60271	0.00299	0.00399	0.00155	0.00155
ACA	CCA	AC	-2.04431	0.01156	0.00352	2.04431	0.00150	0.00352	0.00137	0.00137
ACA	ATA	CT	0.97160	0.02936	0.04590	-0.97160	0.07758	0.04590	0.01790	0.01790
ACA	ACT	AT	0.31358	0.00547	0.00637	-0.31358	0.00749	0.00637	0.00637	0.00637
ACA	ACC	AC	0.15291	0.01156	0.01247	-0.15291	0.01348	0.01247	0.01247	0.01247
ACG	TCG	AT	0.09044	0.00684	0.00715	-0.09044	0.00749	0.00715	0.00279	0.00279
ACG	CCG	AC	-0.18801	0.01446	0.01314	0.18801	0.01198	0.01314	0.00512	0.00512
ACG	ATG	CT	1.84707	0.03670	0.08049	-1.84707	0.23274	0.08049	0.03139	0.03139
ACG	ACT	GT	0.19764	0.00684	0.00754	-0.19764	0.00833	0.00754	0.00754	0.00754
ACG	ACC	GC	0.03698	0.01446	0.01472	-0.03698	0.01500	0.01472	0.01472	0.01472
ACG	ACA	GA	-0.11594	0.04018	0.03789	0.11594	0.03578	0.03789	0.03789	0.03789
AAT	TAT	AT	-0.22802	0.01505	0.01340	0.22802	0.01198	0.01340	0.00522	0.00522
AAT	CAT	AC	-1.66962	0.03180	0.01232	1.66962	0.00599	0.01232	0.00480	0.00480
AAT	ATT	AT	-0.22802	0.01505	0.01340	0.22802	0.01198	0.01340	0.00522	0.00522
AAT	ACT	AC	-1.44647	0.03180	0.01416	1.44647	0.00749	0.01416	0.00552	0.00552
AAC	TAC	AT	-0.44856	0.01641	0.01301	0.44856	0.01048	0.01301	0.00507	0.00507
AAC	CAC	AC	-0.50387	0.03469	0.02668	0.50387	0.02096	0.02668	0.01041	0.01041
AAC	ATC	AT	0.43875	0.01641	0.02028	-0.43875	0.02545	0.02028	0.00791	0.00791
AAC	ACC	AC	-0.94570	0.03469	0.02084	0.94570	0.01348	0.02084	0.00813	0.00813
AAC	AAT	CT	0.66144	0.08809	0.12041	-0.66144	0.17068	0.12041	0.12041	0.12041
AAA	CAA	AC	-1.06348	0.00867	0.00486	1.06348	0.00299	0.00486	0.00190	0.00190
AAA	ATA	AT	0.60126	0.00410	0.00546	-0.60126	0.00749	0.00546	0.00213	0.00213
AAA	ACA	AC	-0.37033	0.00867	0.00717	0.37033	0.00599	0.00717	0.00279	0.00279
AAA	AAT	AT	1.38972	0.00410	0.00759	-1.38972	0.01647	0.00759	0.00296	0.00296
AAA	AAC	AC	0.72828	0.00867	0.01221	-0.72828	0.01797	0.01221	0.00476	0.00476
AAG	CAG	AC	-0.43487	0.04626	0.03693	0.43487	0.02994	0.03693	0.01440	0.01440
AAG	ATG	AT	0.02590	0.02188	0.02217	-0.02590	0.02246	0.02217	0.00865	0.00865
AAG	ACG	AC	-1.82117	0.04626	0.01627	1.82117	0.00749	0.01627	0.00634	0.00634
AAG	AAT	GT	-0.17705	0.02188	0.02000	0.17705	0.01833	0.02000	0.00780	0.00780
AAG	AAC	GC	-0.83849	0.04626	0.02954	0.83849	0.02000	0.02954	0.01152	0.01152
AAG	AAA	GA	-1.56677	0.12857	0.05313	1.56677	0.02683	0.05313	0.05313	0.05313
AGT	TGT	AT	-0.82585	0.00684	0.00440	0.82585	0.00299	0.00440	0.00172	0.00172
AGT	CGT	AC	-0.32154	0.01446	0.01226	0.32154	0.01048	0.01226	0.00478	0.00478
AGT	ATT	GT	0.66765	0.00684	0.00937	-0.66765	0.01333	0.00937	0.00366	0.00366
AGT	ACT	GC	-0.55081	0.01446	0.01084	0.55081	0.00833	0.01084	0.00423	0.00423
AGT	AAT	GA	0.89566	0.04018	0.06082	-0.89566	0.09839	0.06082	0.02372	0.02372
AGC	TGC	AT	0.19580	0.01231	0.01355	-0.19580	0.01497	0.01355	0.00529	0.00529
AGC	CGC	AC	-1.46895	0.02602	0.01143	1.46895	0.00599	0.01143	0.00446	0.00446
AGC	ATC	GT	0.83363	0.01231	0.01815	-0.83363	0.02833	0.01815	0.00708	0.00708
AGC	ACC	GC	-0.55081	0.02602	0.01951	0.55081	0.01500	0.01951	0.00761	0.00761
AGC	AAC	GA	0.39489	0.07232	0.08754	-0.39489	0.10734	0.08754	0.03414	0.03414
AGC	AGT	CT	0.16067	0.06607	0.07152	-0.16067	0.07758	0.07152	0.07152	0.07152
AGA	CGA	AC	7.45371	0.00000	0.00000	-7.45371	0.00299	0.00001	0.00000	0.00001
AGA	ATA	GT	9.22566	0.00000	0.00000	-9.22566	0.00833	0.00001	0.00000	0.00000
AGA	ACA	GC	8.25406	0.00000	0.00000	-8.25406	0.00667	0.00001	0.00000	0.00001
AGA	AAA	GA	8.62440	0.00000	0.00000	-8.62440	0.02683	0.00004	0.00000	0.00002
AGA	AGT	AT	9.11846	0.00000	0.00000	-9.11846	0.00749	0.00001	0.00000	0.00000
AGA	AGC	AC	8.95779	0.00000	0.00000	-8.95779	0.01348	0.00002	0.00000	0.00001
AGG	TGG	AT	-0.89039	0.01094	0.00678	0.89039	0.00449	0.00678	0.00265	0.00265
AGG	CGG	AC	-0.54023	0.02313	0.01744	0.54023	0.01348	0.01744	0.01744	0.01744
AGG	ATG	GT	0.82625	0.01094	0.01608	-0.82625	0.02500	0.01608	0.00627	0.00627
AGG	ACG	GC	-1.02081	0.02313	0.01330	1.02081	0.00833	0.01330	0.00519	0.00519
AGG	AAG	GA	0.80035	0.06428	0.09340	-0.80035	0.14312	0.09340	0.03643	0.03643
AGG	AGT	GT	-0.27236	0.01094	0.00952	0.27236	0.00833	0.00952	0.00371	0.00371
AGG	AGC	GC	-0.43303	0.02313	0.01848	0.43303	0.01500	0.01848	0.00721	0.00721
AGG	AGA	GA	-9.39082	0.06428	0.00005	9.39082	0.00000	0.00000	0.00005	0.00000
GTT	TTT	GT	-2.79809	0.02736	0.00497	2.79809	0.00167	0.00497	0.00194	0.00194
GTT	CTT	GC	-2.44793	0.05782	0.01340	2.44793	0.00500	0.01340	0.00523	0.00523
GTT	ATT	GA	-0.80909	0.16071	0.10437	0.80909	0.07156	0.10437	0.04070	0.04070
GTC	TTC	GT	-0.61329	0.03693	0.02676	0.61329	0.02000	0.02676	0.01043	0.01043
GTC	CTC	GC	-0.95628	0.07806	0.04660	0.95628	0.03000	0.04660	0.01817	0.01817
GTC	ATC	GA	-0.35542	0.21696	0.18068	0.35542	0.15206	0.18068	0.07047	0.07047
GTC	GTT	CT	0.44835	0.19820	0.24594	-0.44835	0.31032	0.24594	0.24594	0.24594
GTA	TTA	GT	-0.49550	0.00547	0.00423	0.49550	0.00333	0.00423	0.00165	0.00165
GTA	CTA	GC	-1.24396	0.01156	0.00583	1.24396	0.00333	0.00583	0.00227	0.00227
GTA	ATA	GA	0.33035	0.03214	0.03774	-0.33035	0.04472	0.03774	0.01472	0.01472
GTA	GTT	AT	1.69988	0.00547	0.01138	-1.69988	0.02994	0.01138	0.01138	0.01138
GTA	GTC	AC	1.25153	0.01156	0.02027	-1.25153	0.04043	0.02027	0.02027	0.02027
GTG	TTG	GT	-1.41179	0.02736	0.01244	1.41179	0.00667	0.01244	0.00485	0.00485
GTG	CTG	GC	-0.41105	0.05782	0.04675	0.41105	0.03833	0.04675	0.01823	0.01823
GTG	ATG	GA	-0.18048	0.16071	0.14664	0.18048	0.13417	0.14664	0.05719	0.05719
GTG	GTT	GT	0.19764	0.02736	0.03015	-0.19764	0.03333	0.03015	0.03015	0.03015
GTG	GTC	GC	-0.25071	0.05782	0.05088	0.25071	0.04500	0.05088	0.05088	0.05088
GTG	GTA	GA	-1.50223	0.16071	0.06914	1.50223	0.03578	0.06914	0.06914	0.06914
GCT	TCT	GT	-0.39014	0.02462	0.02013	0.39014	0.01667	0.02013	0.00785	0.00785
GCT	CCT	GC	-0.73313	0.05204	0.03527	0.73313	0.02500	0.03527	0.01376	0.01376
GCT	ACT	GA	-1.17373	0.14464	0.07599	1.17373	0.04472	0.07599	0.02964	0.02964
GCT	GTT	CT	0.85382	0.13213	0.19647	-0.85382	0.31032	0.19647	0.07663	0.07663
GCC	TCC	GT	-0.74682	0.04924	0.03312	0.74682	0.02333	0.03312	0.01292	0.01292
GCC	CCC	GC	-1.49527	0.10408	0.04497	1.49527	0.02333	0.04497	0.01754	0.01754
GCC	ACC	GA	-1.27909	0.28928	0.14268	1.27909	0.08050	0.14268	0.05565	0.05565
GCC	GTC	CT	0.46077	0.26426	0.32981	-0.46077	0.41894	0.32981	0.12863	0.12863
GCC	GCT	CT	0.05531	0.26426	0.27164	-0.05531	0.27929	0.27164	0.27164	0.27164
GCA	TCA	GT	0.19764	0.00274	0.00301	-0.19764	0.00333	0.00301	0.00118	0.00118
GCA	CCA	GC	-1.24396	0.00578	0.00291	1.24396	0.00167	0.00291	0.00114	0.00114
GCA	ACA	GA	0.80035	0.01607	0.02335	-0.80035	0.03578	0.02335	0.00911	0.00911
GCA	GTA	CT	1.44160	0.01468	0.02772	-1.44160	0.06206	0.02772	0.01081	0.01081
GCA	GCT	AT	2.28766	0.00274	0.00696	-2.28766	0.02695	0.00696	0.00696	0.00696
GCA	GCC	AC	2.23236	0.00578	0.01446	-2.23236	0.05390	0.01446	0.01446	0.01446
GCG	TCG	GT	-1.13736	0.02599	0.01395	1.13736	0.00833	0.01395	0.00544	0.00544
GCG	CCG	GC	-1.41581	0.05493	0.02493	1.41581	0.01333	0.02493	0.00972	0.00972
GCG	ACG	GA	-1.22780	0.15267	0.07766	1.22780	0.04472	0.07766	0.03029	0.03029
GCG	GTG	CT	0.79975	0.13947	0.20260	-0.79975	0.31032	0.20260	0.07902	0.07902
GCG	GCT	GT	0.14358	0.02599	0.02790	-0.14358	0.03000	0.02790	0.02790	0.02790
GCG	GCC	GC	0.08827	0.05493	0.05739	-0.08827	0.06000	0.05739	0.05739	0.05739
GCG	GCA	GA	-2.14409	0.15267	0.04345	2.14409	0.01789	0.04345	0.04345	0.04345
GAT	TAT	GT	-0.61329	0.02462	0.01784	0.61329	0.01333	0.01784	0.00696	0.00696
GAT	CAT	GC	-2.05489	0.05204	0.01571	2.05489	0.00667	0.01571	0.00613	0.00613
GAT	AAT	GA	-0.38527	0.14464	0.11856	0.38527	0.09839	0.11856	0.04624	0.04624
GAT	GTT	AT	0.19580	0.02462	0.02711	-0.19580	0.02994	0.02711	0.01057	0.01057
GAT	GCT	AC	-0.65802	0.05204	0.03678	0.65802	0.02695	0.03678	0.01435	0.01435
GAC	TAC	GT	-1.38281	0.04650	0.02154	1.38281	0.01167	0.02154	0.00840	0.00840
GAC	CAC	GC	-1.43811	0.09830	0.04400	1.43811	0.02333	0.04400	0.01716	0.01716
GAC	AAC	GA	-0.93425	0.27321	0.16517	0.93425	0.10734	0.16517	0.06442	0.06442
GAC	GTC	AT	-0.14009	0.04650	0.04332	0.14009	0.04043	0.04332	0.01690	0.01690
GAC	GCC	AC	-0.60086	0.09830	0.07171	0.60086	0.05390	0.07171	0.02797	0.02797
GAC	GAT	CT	0.11247	0.24958	0.26388	-0.11247	0.27929	0.26388	0.26388	0.26388
GAA	CAA	GC	0.14234	0.00289	0.00310	-0.14234	0.00333	0.00310	0.00121	0.00121
GAA	AAA	GA	1.20582	0.00804	0.01383	-1.20582	0.02683	0.01383	0.00539	0.00539
GAA	GTA	AT	1.47673	0.00137	0.00262	-1.47673	0.00599	0.00262	0.00102	0.00102
GAA	GCA	AC	0.03513	0.00289	0.00294	-0.03513	0.00299	0.00294	0.00115	0.00115
GAA	GAT	AT	2.98081	0.00137	0.00430	-2.98081	0.02695	0.00430	0.00168	0.00168
GAA	GAC	AC	2.86834	0.00289	0.00879	-2.86834	0.05091	0.00879	0.00343	0.00343
GAG	CAG	GC	-0.38829	0.04915	0.04022	0.38829	0.03333	0.04022	0.01569	0.01569
GAG	AAG	GA	0.04658	0.13660	0.13981	-0.04658	0.14312	0.13981	0.05453	0.05453
GAG	GTG	AT	0.25296	0.02325	0.02632	-0.25296	0.02994	0.02632	0.01026	0.01026
GAG	GCG	AC	-0.54679	0.04915	0.03693	0.54679	0.02845	0.03693	0.01440	0.01440
GAG	GAT	GT	0.25480	0.02325	0.02634	-0.25480	0.03000	0.02634	0.01027	0.01027
GAG	GAC	GC	0.14234	0.04915	0.05273	-0.14234	0.05667	0.05273	0.02056	0.02056
GAG	GAA	GA	-2.72601	0.13660	0.02609	2.72601	0.00894	0.02609	0.02609	0.02609
GGT	TGT	GT	-1.05512	0.00957	0.00540	1.05512	0.00333	0.00540	0.00210	0.00210
GGT	CGT	GC	-0.55081	0.02024	0.01517	0.55081	0.01167	0.01517	0.00592	0.00592
GGT	AGT	GA	-0.22927	0.05625	0.05005	0.22927	0.04472	0.05005	0.01952	0.01952
GGT	GTT	GT	1.24747	0.00957	0.01676	-1.24747	0.03333	0.01676	0.00654	0.00654
GGT	GCT	GC	0.39365	0.02024	0.02448	-0.39365	0.03000	0.02448	0.00955	0.00955
GGT	GAT	GA	1.05167	0.05625	0.09092	-1.05167	0.16101	0.09092	0.03546	0.03546
GGC	TGC	GT	0.70847	0.00821	0.01145	-0.70847	0.01667	0.01145	0.00447	0.00447
GGC	CGC	GC	-0.95628	0.01735	0.01035	0.95628	0.00667	0.01035	0.00404	0.00404
GGC	AGC	GA	0.51267	0.04821	0.06162	-0.51267	0.08050	0.06162	0.02403	0.02403
GGC	GTC	GT	1.70172	0.00821	0.01708	-1.70172	0.04500	0.01708	0.00666	0.00666
GGC	GCC	GC	1.24095	0.01735	0.03028	-1.24095	0.06000	0.03028	0.01181	0.01181
GGC	GAC	GA	1.84181	0.04821	0.10553	-1.84181	0.30412	0.10553	0.04116	0.04116
GGC	GGT	CT	0.90261	0.04404	0.06687	-0.90261	0.10861	0.06687	0.06687	0.06687
GGA	CGA	GC	7.56092	0.00000	0.00000	-7.56092	0.00333	0.00001	0.00000	0.00001
GGA	AGA	GA	0.10721	0.00000	0.00000	-0.10721	0.00000	0.00000	0.00000	0.00000
GGA	GTA	GT	9.00252	0.00000	0.00000	-9.00252	0.00667	0.00001	0.00000	0.00000
GGA	GCA	GC	7.56092	0.00000	0.00000	-7.56092	0.00333	0.00001	0.00000	0.00001
GGA	GAA	GA	7.52579	0.00000	0.00000	-7.52579	0.00894	0.00004	0.00000	0.00001
GGA	GGT	AT	9.45493	0.00000	0.00000	-9.45493	0.01048	0.00001	0.00000	0.00001
GGA	GGC	AC	8.55232	0.00000	0.00000	-8.55232	0.00898	0.00001	0.00000	0.00001
GGG	TGG	GT	-1.26869	0.01778	0.00883	1.26869	0.00500	0.00883	0.00344	0.00344
GGG	CGG	GC	-0.91854	0.03758	0.02293	0.91854	0.01500	0.02293	0.00894	0.00894
GGG	AGG	GA	-0.37830	0.10446	0.08595	0.37830	0.07156	0.08595	0.03352	0.03352
GGG	GTG	GT	0.62843	0.01778	0.02395	-0.62843	0.03333	0.02395	0.00934	0.00934
GGG	GCG	GC	-0.17132	0.03758	0.03446	0.17132	0.03167	0.03446	0.01344	0.01344
GGG	GAG	GA	0.37547	0.10446	0.12530	-0.37547	0.15206	0.12530	0.04887	0.04887
GGG	GGT	GT	-0.42140	0.01778	0.01430	0.42140	0.01167	0.01430	0.01430	0.01430
GGG	GGC	GC	-1.32400	0.03758	0.01804	1.32400	0.01000	0.01804	0.01804	0.01804
GGG	GGA	GA	-9.87632	0.10446	0.00005	9.87632	0.00000	0.00000	0.00005	0.00000


Histograms
2Ns	FMut	FSub(CodonUsage)	FSubw(after w)

-9.40602	0.00910	0.00001	0.00001
-8.46542	0.00180	0.00000	0.00000
-7.52482	0.00079	0.00000	0.00000
-6.58422	0.00000	0.00000	0.00000
-5.64361	0.00000	0.00000	0.00000
-4.70301	0.00000	0.00000	0.00000
-3.76241	0.00000	0.00000	0.00000
-2.82181	0.01362	0.00305	0.00369
-1.88120	0.13946	0.05992	0.06112
-0.94060	0.30968	0.22213	0.20939
0.00000	0.37321	0.42979	0.45157
0.94060	0.12689	0.22213	0.20939
1.88120	0.02455	0.05992	0.06112
2.82181	0.00090	0.00305	0.00369
3.76241	0.00000	0.00000	0.00000
4.70301	0.00000	0.00000	0.00000
5.64361	0.00000	0.00000	0.00000
6.58422	0.00000	0.00000	0.00000
7.52482	0.00000	0.00000	0.00000
8.46542	0.00000	0.00000	0.00000
9.40602	0.00000	0.00000	0.00000

Proportion of advantageous (S > 0) mutations:
 0.31448

Proportions of good & bad mutations (|S| > 2.0000) among mutations:
0.00387  0.05250

mean |Ns| = 0.93106	mean Ns+ = 0.61923	mean Ns- = -1.07411

