Supplemental results for CODEML (seqf: ../../../Mx_aln.phy  treef: ../../../Mx_branch_chicken.tree)

I	J	ij	2Ns_IJ	pMut_IJ	pSub_IJ	2Ns_JI	pMut_JI	pSub_JI

TTC	TTT	CT	0.57314	0.03138	0.04123	-0.57314	0.05567	0.04123	0.04123	0.04123
TTA	TTT	AT	2.18020	0.00326	0.00801	-2.18020	0.02884	0.00801	0.00401	0.00401
TTA	TTC	AC	1.60705	0.00635	0.01276	-1.60705	0.03166	0.01276	0.00638	0.00638
TTG	TTT	GT	0.76568	0.00793	0.01135	-0.76568	0.01705	0.01135	0.00567	0.00567
TTG	TTC	GC	0.19253	0.01544	0.01697	-0.19253	0.01872	0.01697	0.00849	0.00849
TTG	TTA	GA	-1.41452	0.04762	0.02163	1.41452	0.01157	0.02163	0.02163	0.02163
TCT	TTT	CT	1.39787	0.01376	0.02554	-1.39787	0.05567	0.02554	0.01277	0.01277
TCC	TTC	CT	1.06504	0.02107	0.03424	-1.06504	0.06111	0.03424	0.01712	0.01712
TCC	TCT	CT	0.24032	0.02107	0.02370	-0.24032	0.02679	0.02370	0.02370	0.02370
TCA	TTA	CT	0.28833	0.01161	0.01336	-0.28833	0.01549	0.01336	0.00668	0.00668
TCA	TCT	AT	1.07066	0.00476	0.00775	-1.07066	0.01388	0.00775	0.00775	0.00775
TCA	TCC	AC	0.83035	0.00926	0.01364	-0.83035	0.02125	0.01364	0.01364	0.01364
TCG	TTG	CT	1.76501	0.00645	0.01373	-1.76501	0.03767	0.01373	0.00687	0.00687
TCG	TCT	GT	1.13282	0.00264	0.00442	-1.13282	0.00821	0.00442	0.00442	0.00442
TCG	TCC	GC	0.89251	0.00515	0.00778	-0.89251	0.01256	0.00778	0.00778	0.00778
TCG	TCA	GA	0.06216	0.01587	0.01637	-0.06216	0.01689	0.01637	0.01637	0.01637
TAT	TTT	AT	1.55701	0.00608	0.01199	-1.55701	0.02884	0.01199	0.00600	0.00600
TAT	TCT	AC	0.15914	0.01184	0.01280	-0.15914	0.01388	0.01280	0.00640	0.00640
TAC	TTC	AT	1.13078	0.01022	0.01706	-1.13078	0.03166	0.01706	0.00853	0.00853
TAC	TCC	AC	0.06574	0.01990	0.02056	-0.06574	0.02125	0.02056	0.01028	0.01028
TAC	TAT	CT	0.14692	0.02494	0.02681	-0.14692	0.02888	0.02681	0.02681	0.02681
TGT	TTT	GT	1.71014	0.00308	0.00644	-1.71014	0.01705	0.00644	0.00322	0.00322
TGT	TCT	GC	0.31227	0.00600	0.00699	-0.31227	0.00821	0.00699	0.00350	0.00350
TGT	TAT	GA	0.15313	0.01852	0.01997	-0.15313	0.02158	0.01997	0.00999	0.00999
TGC	TTC	GT	1.09606	0.00626	0.01030	-1.09606	0.01872	0.01030	0.00515	0.00515
TGC	TCC	GC	0.03102	0.01218	0.01237	-0.03102	0.01256	0.01237	0.00619	0.00619
TGC	TAC	GA	-0.03472	0.03757	0.03692	0.03472	0.03629	0.03692	0.01846	0.01846
TGC	TGT	CT	-0.04093	0.01526	0.01495	0.04093	0.01465	0.01495	0.01495	0.01495
TGG	TTG	GT	1.11375	0.00379	0.00628	-1.11375	0.01154	0.00628	0.00314	0.00314
TGG	TCG	GC	-0.65127	0.00738	0.00523	0.65127	0.00385	0.00523	0.00262	0.00262
TGG	TGT	GT	0.16928	0.00379	0.00412	-0.16928	0.00449	0.00412	0.00206	0.00206
TGG	TGC	GC	0.21022	0.00738	0.00818	-0.21022	0.00910	0.00818	0.00409	0.00409
CTT	TTT	CT	0.99240	0.02064	0.03254	-0.99240	0.05567	0.03254	0.01627	0.01627
CTC	TTC	CT	0.83782	0.02644	0.03905	-0.83782	0.06111	0.03905	0.01952	0.01952
CTC	CTT	CT	0.41856	0.02644	0.03236	-0.41856	0.04018	0.03236	0.03236	0.03236
CTA	TTA	CT	0.38550	0.01053	0.01269	-0.38550	0.01549	0.01269	0.01269	0.01269
CTA	CTT	AT	1.57329	0.00432	0.00857	-1.57329	0.02082	0.00857	0.00857	0.00857
CTA	CTC	AC	1.15473	0.00841	0.01417	-1.15473	0.02667	0.01417	0.01417	0.01417
CTG	TTG	CT	-0.85966	0.08899	0.05616	0.85966	0.03767	0.05616	0.05616	0.05616
CTG	CTT	GT	-1.08638	0.03647	0.02018	1.08638	0.01231	0.02018	0.02018	0.02018
CTG	CTC	GC	-1.50495	0.07102	0.03050	1.50495	0.01577	0.03050	0.03050	0.03050
CTG	CTA	GA	-2.65967	0.21906	0.04383	2.65967	0.01533	0.04383	0.04383	0.04383
CCT	TCT	CT	0.32547	0.01935	0.02267	-0.32547	0.02679	0.02267	0.01133	0.01133
CCT	CTT	CT	0.73094	0.01935	0.02727	-0.73094	0.04018	0.02727	0.01364	0.01364
CCC	TCC	CT	0.88192	0.01698	0.02556	-0.88192	0.04102	0.02556	0.01278	0.01278
CCC	CTC	CT	1.10914	0.01698	0.02811	-1.10914	0.05149	0.02811	0.01405	0.01405
CCC	CCT	CT	0.79676	0.01698	0.02464	-0.79676	0.03767	0.02464	0.02464	0.02464
CCA	TCA	CT	0.39270	0.01526	0.01845	-0.39270	0.02260	0.01845	0.00923	0.00923
CCA	CTA	CT	0.29554	0.01526	0.01763	-0.29554	0.02051	0.01763	0.00881	0.00881
CCA	CCT	AT	1.13789	0.00626	0.01047	-1.13789	0.01952	0.01047	0.01047	0.01047
CCA	CCC	AC	0.34113	0.01218	0.01438	-0.34113	0.01713	0.01438	0.01438	0.01438
CCG	TCG	CT	0.97656	0.00473	0.00741	-0.97656	0.01256	0.00741	0.00370	0.00370
CCG	CTG	CT	3.60122	0.00473	0.01751	-3.60122	0.17329	0.01751	0.00875	0.00875
CCG	CCT	GT	1.78390	0.00194	0.00416	-1.78390	0.01154	0.00416	0.00416	0.00416
CCG	CCC	GC	0.98714	0.00377	0.00594	-0.98714	0.01013	0.00594	0.00594	0.00594
CCG	CCA	GA	0.64601	0.01164	0.01580	-0.64601	0.02221	0.01580	0.01580	0.01580
CAT	TAT	CT	0.89317	0.01182	0.01788	-0.89317	0.02888	0.01788	0.00894	0.00894
CAT	CTT	AT	1.45778	0.00485	0.00921	-1.45778	0.02082	0.00921	0.00460	0.00460
CAT	CCT	AC	0.72684	0.00944	0.01328	-0.72684	0.01952	0.01328	0.00664	0.00664
CAC	TAC	CT	0.62420	0.02601	0.03497	-0.62420	0.04856	0.03497	0.01748	0.01748
CAC	CTC	AT	0.91716	0.01066	0.01629	-0.91716	0.02667	0.01629	0.00814	0.00814
CAC	CCC	AC	-0.19198	0.02076	0.01883	0.19198	0.01713	0.01883	0.00941	0.00941
CAC	CAT	CT	-0.12206	0.02601	0.02446	0.12206	0.02302	0.02446	0.02446	0.02446
CAA	CTA	AT	-0.03573	0.01101	0.01082	0.03573	0.01063	0.01082	0.00541	0.00541
CAA	CCA	AC	-0.33127	0.02144	0.01809	0.33127	0.01540	0.01809	0.00904	0.00904
CAA	CAT	AT	0.07978	0.01101	0.01146	-0.07978	0.01193	0.01146	0.00573	0.00573
CAA	CAC	AC	0.20184	0.02144	0.02368	-0.20184	0.02624	0.02368	0.01184	0.01184
CAG	CTG	AT	1.04053	0.03172	0.05103	-1.04053	0.08978	0.05103	0.02551	0.02551
CAG	CCG	AC	-2.56070	0.06176	0.01324	2.56070	0.00477	0.01324	0.00662	0.00662
CAG	CAT	GT	-1.50363	0.03172	0.01363	1.50363	0.00705	0.01363	0.00682	0.00682
CAG	CAC	GC	-1.38158	0.06176	0.02862	1.38158	0.01551	0.02862	0.01431	0.01431
CAG	CAA	GA	-1.58342	0.19049	0.07791	1.58342	0.03910	0.07791	0.07791	0.07791
CGT	TGT	CT	1.13071	0.00473	0.00790	-1.13071	0.01465	0.00790	0.00395	0.00395
CGT	CTT	GT	1.84844	0.00194	0.00425	-1.84844	0.01231	0.00425	0.00213	0.00213
CGT	CCT	GC	1.11750	0.00377	0.00627	-1.11750	0.01154	0.00627	0.00313	0.00313
CGT	CAT	GA	0.39066	0.01164	0.01406	-0.39066	0.01720	0.01406	0.00703	0.00703
CGC	TGC	CT	1.05788	0.01032	0.01672	-1.05788	0.02972	0.01672	0.00836	0.00836
CGC	CTC	GT	1.31612	0.00423	0.00761	-1.31612	0.01577	0.00761	0.00380	0.00380
CGC	CCC	GC	0.20698	0.00823	0.00912	-0.20698	0.01013	0.00912	0.00456	0.00456
CGC	CAC	GA	0.39896	0.02540	0.03080	-0.39896	0.03785	0.03080	0.01540	0.01540
CGC	CGT	CT	-0.11376	0.01032	0.00974	0.11376	0.00921	0.00974	0.00974	0.00974
CGA	CTA	GT	0.77045	0.00291	0.00417	-0.77045	0.00628	0.00417	0.00208	0.00208
CGA	CCA	GC	0.47491	0.00566	0.00711	-0.47491	0.00910	0.00711	0.00356	0.00356
CGA	CAA	GA	0.80618	0.01746	0.02544	-0.80618	0.03910	0.02544	0.01272	0.01272
CGA	CGT	AT	0.49530	0.00291	0.00369	-0.49530	0.00477	0.00369	0.00369	0.00369
CGA	CGC	AC	0.60906	0.00566	0.00756	-0.60906	0.01041	0.00756	0.00756	0.00756
CGG	TGG	CT	-0.25453	0.02322	0.02039	0.25453	0.01800	0.02039	0.01019	0.01019
CGG	CTG	GT	1.71887	0.00952	0.01993	-1.71887	0.05308	0.01993	0.00996	0.00996
CGG	CCG	GC	-1.88235	0.01853	0.00626	1.88235	0.00282	0.00626	0.00313	0.00313
CGG	CAG	GA	0.67835	0.05715	0.07870	-0.67835	0.11261	0.07870	0.03935	0.03935
CGG	CGT	GT	-1.21595	0.00952	0.00487	1.21595	0.00282	0.00487	0.00487	0.00487
CGG	CGC	GC	-1.10219	0.01853	0.01016	1.10219	0.00615	0.01016	0.01016	0.01016
CGG	CGA	GA	-1.71125	0.05715	0.02156	1.71125	0.01032	0.02156	0.02156	0.02156
ATT	TTT	AT	0.67312	0.01471	0.02022	-0.67312	0.02884	0.02022	0.01011	0.01011
ATT	CTT	AC	-0.31928	0.02865	0.02432	0.31928	0.02082	0.02432	0.01216	0.01216
ATC	TTC	AT	0.06726	0.02960	0.03061	-0.06726	0.03166	0.03061	0.01530	0.01530
ATC	CTC	AC	-0.77056	0.05764	0.03826	0.77056	0.02667	0.03826	0.01913	0.01913
ATC	ATT	CT	-0.03272	0.07223	0.07105	0.03272	0.06990	0.07105	0.07105	0.07105
ATA	TTA	AT	-0.17967	0.00960	0.00877	0.17967	0.00802	0.00877	0.00438	0.00438
ATA	CTA	AC	-0.56516	0.01870	0.01391	0.56516	0.01063	0.01391	0.00696	0.00696
ATA	ATT	AT	1.32741	0.00960	0.01735	-1.32741	0.03622	0.01735	0.01735	0.01735
ATA	ATC	AC	1.36013	0.01870	0.03421	-1.36013	0.07287	0.03421	0.03421	0.03421
ATG	TTG	AT	0.50273	0.01181	0.01502	-0.50273	0.01952	0.01502	0.00751	0.00751
ATG	CTG	AC	1.36239	0.02299	0.04210	-1.36239	0.08978	0.04210	0.02105	0.02105
ATG	ATT	GT	0.59529	0.01181	0.01567	-0.59529	0.02141	0.01567	0.00783	0.00783
ATG	ATC	GC	0.62801	0.02299	0.03096	-0.62801	0.04308	0.03096	0.01548	0.01548
ATG	ATA	GA	-0.73212	0.07090	0.04809	0.73212	0.03410	0.04809	0.02404	0.02404
ACT	TCT	AT	0.69020	0.00696	0.00964	-0.69020	0.01388	0.00964	0.00482	0.00482
ACT	CCT	AC	0.36473	0.01355	0.01617	-0.36473	0.01952	0.01617	0.00809	0.00809
ACT	ATT	CT	1.41495	0.01698	0.03174	-1.41495	0.06990	0.03174	0.01587	0.01587
ACC	TCC	AT	0.57308	0.01198	0.01574	-0.57308	0.02125	0.01574	0.00787	0.00787
ACC	CCC	AC	-0.30884	0.02333	0.01991	0.30884	0.01713	0.01991	0.00996	0.00996
ACC	ATC	CT	1.57086	0.02923	0.05797	-1.57086	0.14064	0.05797	0.02899	0.02899
ACC	ACT	CT	0.12319	0.02923	0.03107	-0.12319	0.03307	0.03107	0.03107	0.03107
ACA	TCA	AT	0.19840	0.00960	0.01059	-0.19840	0.01171	0.01059	0.00529	0.00529
ACA	CCA	AC	-0.19430	0.01870	0.01694	0.19430	0.01540	0.01694	0.00847	0.00847
ACA	ATA	CT	0.66640	0.02343	0.03210	-0.66640	0.04563	0.03210	0.01605	0.01605
ACA	ACT	AT	0.57886	0.00960	0.01265	-0.57886	0.01713	0.01265	0.01265	0.01265
ACA	ACC	AC	0.45567	0.01870	0.02328	-0.45567	0.02949	0.02328	0.02328	0.02328
ACG	TCG	AT	0.43076	0.00423	0.00520	-0.43076	0.00651	0.00520	0.00260	0.00260
ACG	CCG	AC	-0.54580	0.00823	0.00619	0.54580	0.00477	0.00619	0.00310	0.00310
ACG	ATG	CT	1.69304	0.01032	0.02141	-1.69304	0.05609	0.02141	0.01070	0.01070
ACG	ACT	GT	0.87338	0.00423	0.00634	-0.87338	0.01013	0.00634	0.00634	0.00634
ACG	ACC	GC	0.75019	0.00823	0.01171	-0.75019	0.01744	0.01171	0.01171	0.01171
ACG	ACA	GA	0.29452	0.02540	0.02932	-0.29452	0.03410	0.02932	0.02932	0.02932
AAT	TAT	AT	0.03500	0.01445	0.01470	-0.03500	0.01496	0.01470	0.00735	0.00735
AAT	CAT	AC	-0.85817	0.02813	0.01777	0.85817	0.01193	0.01777	0.00888	0.00888
AAT	ATT	AT	0.91889	0.01445	0.02209	-0.91889	0.03622	0.02209	0.01104	0.01104
AAT	ACT	AC	-0.49606	0.02813	0.02173	0.49606	0.01713	0.02173	0.01087	0.01087
AAC	TAC	AT	0.87523	0.01048	0.01573	-0.87523	0.02516	0.01573	0.00787	0.00787
AAC	CAC	AC	0.25103	0.02041	0.02308	-0.25103	0.02624	0.02308	0.01154	0.01154
AAC	ATC	AT	1.93875	0.01048	0.02374	-1.93875	0.07287	0.02374	0.01187	0.01187
AAC	ACC	AC	0.36789	0.02041	0.02440	-0.36789	0.02949	0.02440	0.01220	0.01220
AAC	AAT	CT	0.98714	0.02558	0.04025	-0.98714	0.06865	0.04025	0.04025	0.04025
AAA	CAA	AC	-0.52457	0.04580	0.03484	0.52457	0.02711	0.03484	0.01742	0.01742
AAA	ATA	AT	0.00486	0.02352	0.02358	-0.00486	0.02364	0.02358	0.01179	0.01179
AAA	ACA	AC	-0.66154	0.04580	0.03231	0.66154	0.02364	0.03231	0.01616	0.01616
AAA	AAT	AT	0.41338	0.02352	0.02872	-0.41338	0.03557	0.02872	0.01436	0.01436
AAA	AAC	AC	-0.57376	0.04580	0.03391	0.57376	0.02581	0.03391	0.01696	0.01696
AAG	CAG	AC	0.20427	0.06365	0.07037	-0.20427	0.07807	0.07037	0.03518	0.03518
AAG	ATG	AT	-0.11760	0.03269	0.03080	0.11760	0.02906	0.03080	0.01540	0.01540
AAG	ACG	AC	-1.81064	0.06365	0.02253	1.81064	0.01041	0.02253	0.01127	0.01127
AAG	AAT	GT	-0.44120	0.03269	0.02600	0.44120	0.02103	0.02600	0.01300	0.01300
AAG	AAC	GC	-1.42834	0.06365	0.02866	1.42834	0.01526	0.02866	0.01433	0.01433
AAG	AAA	GA	-0.85458	0.19631	0.12423	0.85458	0.08352	0.12423	0.12423	0.12423
AGT	TGT	AT	-0.00980	0.00766	0.00763	0.00980	0.00759	0.00763	0.00381	0.00381
AGT	CGT	AC	-1.14050	0.01493	0.00800	1.14050	0.00477	0.00800	0.00400	0.00400
AGT	ATT	GT	1.02722	0.00766	0.01226	-1.02722	0.02141	0.01226	0.00613	0.00613
AGT	ACT	GC	-0.38772	0.01493	0.01222	0.38772	0.01013	0.01222	0.00611	0.00611
AGT	AAT	GA	0.10833	0.04603	0.04857	-0.10833	0.05130	0.04857	0.02429	0.02429
AGC	TGC	AT	0.13301	0.01348	0.01440	-0.13301	0.01540	0.01440	0.00720	0.00720
AGC	CGC	AC	-0.92487	0.02625	0.01595	0.92487	0.01041	0.01595	0.00798	0.00798
AGC	ATC	GT	1.16181	0.01348	0.02279	-1.16181	0.04308	0.02279	0.01140	0.01140
AGC	ACC	GC	-0.40905	0.02625	0.02124	0.40905	0.01744	0.02124	0.01062	0.01062
AGC	AAC	GA	-0.77694	0.08096	0.05354	0.77694	0.03722	0.05354	0.02677	0.02677
AGC	AGT	CT	0.10187	0.03289	0.03459	-0.10187	0.03642	0.03459	0.03459	0.03459
AGA	CGA	AC	-1.16697	0.02299	0.01213	1.16697	0.00716	0.01213	0.01213	0.01213
AGA	ATA	GT	0.16864	0.01181	0.01283	-0.16864	0.01397	0.01283	0.00641	0.00641
AGA	ACA	GC	-0.49776	0.02299	0.01774	0.49776	0.01397	0.01774	0.00887	0.00887
AGA	AAA	GA	0.16378	0.07090	0.07687	-0.16378	0.08352	0.07687	0.03843	0.03843
AGA	AGT	AT	0.46883	0.01181	0.01479	-0.46883	0.01887	0.01479	0.00739	0.00739
AGA	AGC	AC	0.36696	0.02299	0.02746	-0.36696	0.03318	0.02746	0.01373	0.01373
AGG	TGG	AT	0.24312	0.00731	0.00824	-0.24312	0.00933	0.00824	0.00412	0.00412
AGG	CGG	AC	0.49765	0.01424	0.01807	-0.49765	0.02342	0.01807	0.01807	0.01807
AGG	ATG	GT	0.85414	0.00731	0.01087	-0.85414	0.01718	0.01087	0.00544	0.00544
AGG	ACG	GC	-0.83890	0.01424	0.00909	0.83890	0.00615	0.00909	0.00455	0.00455
AGG	AAG	GA	0.97173	0.04392	0.06866	-0.97173	0.11605	0.06866	0.03433	0.03433
AGG	AGT	GT	0.42220	0.00731	0.00896	-0.42220	0.01115	0.00896	0.00448	0.00448
AGG	AGC	GC	0.32033	0.01424	0.01664	-0.32033	0.01962	0.01664	0.00832	0.00832
AGG	AGA	GA	-0.04663	0.04392	0.04290	0.04663	0.04192	0.04290	0.04290	0.04290
GTT	TTT	GT	1.15461	0.00537	0.00906	-1.15461	0.01705	0.00906	0.00453	0.00453
GTT	CTT	GC	0.16221	0.01046	0.01134	-0.16221	0.01231	0.01134	0.00567	0.00567
GTT	ATT	GA	0.48149	0.03228	0.04067	-0.48149	0.05224	0.04067	0.02033	0.02033
GTC	TTC	GT	0.52246	0.01110	0.01425	-0.52246	0.01872	0.01425	0.00713	0.00713
GTC	CTC	GC	-0.31536	0.02162	0.01839	0.31536	0.01577	0.01839	0.00919	0.00919
GTC	ATC	GA	0.45520	0.06667	0.08299	-0.45520	0.10510	0.08299	0.04150	0.04150
GTC	GTT	CT	-0.05901	0.02709	0.02629	0.05901	0.02553	0.02629	0.02629	0.02629
GTA	TTA	GT	0.22485	0.00379	0.00423	-0.22485	0.00474	0.00423	0.00212	0.00212
GTA	CTA	GC	-0.16064	0.00738	0.00680	0.16064	0.00628	0.00680	0.00340	0.00340
GTA	ATA	GA	0.40452	0.02275	0.02766	-0.40452	0.03410	0.02766	0.01383	0.01383
GTA	GTT	AT	1.25044	0.00379	0.00664	-1.25044	0.01323	0.00664	0.00664	0.00664
GTA	GTC	AC	1.30945	0.00738	0.01323	-1.30945	0.02732	0.01323	0.01323	0.01323
GTG	TTG	GT	-0.63848	0.02185	0.01561	0.63848	0.01154	0.01561	0.00781	0.00781
GTG	CTG	GC	0.22117	0.04255	0.04742	-0.22117	0.05308	0.04742	0.02371	0.02371
GTG	ATG	GA	-1.14122	0.13122	0.07029	1.14122	0.04192	0.07029	0.03514	0.03514
GTG	GTT	GT	-1.02742	0.02185	0.01251	1.02742	0.00782	0.01251	0.01251	0.01251
GTG	GTC	GC	-0.96841	0.04255	0.02522	0.96841	0.01615	0.02522	0.02522	0.02522
GTG	GTA	GA	-2.27786	0.13122	0.03414	2.27786	0.01345	0.03414	0.03414	0.03414
GCT	TCT	GT	-0.50941	0.01366	0.01047	0.50941	0.00821	0.01047	0.00524	0.00524
GCT	CCT	GC	-0.83488	0.02659	0.01702	0.83488	0.01154	0.01702	0.00851	0.00851
GCT	ACT	GA	-1.19960	0.08201	0.04243	1.19960	0.02471	0.04243	0.02121	0.02121
GCT	GTT	CT	-0.26615	0.03332	0.02908	0.26615	0.02553	0.02908	0.01454	0.01454
GCC	TCC	GT	-0.21038	0.01551	0.01393	0.21038	0.01256	0.01393	0.00697	0.00697
GCC	CCC	GC	-1.09230	0.03019	0.01665	1.09230	0.01013	0.01665	0.00832	0.00832
GCC	ACC	GA	-0.78346	0.09313	0.06136	0.78346	0.04254	0.06136	0.03068	0.03068
GCC	GTC	CT	0.33220	0.03783	0.04446	-0.33220	0.05274	0.04446	0.02223	0.02223
GCC	GCT	CT	0.53934	0.03783	0.04895	-0.53934	0.06488	0.04895	0.04895	0.04895
GCA	TCA	GT	-0.18976	0.00837	0.00760	0.18976	0.00692	0.00760	0.00380	0.00380
GCA	CCA	GC	-0.58246	0.01630	0.01201	0.58246	0.00910	0.01201	0.00600	0.00600
GCA	ACA	GA	-0.38816	0.05027	0.04114	0.38816	0.03410	0.04114	0.02057	0.02057
GCA	GTA	CT	-0.12628	0.02042	0.01916	0.12628	0.01800	0.01916	0.00958	0.00958
GCA	GCT	AT	1.39031	0.00837	0.01549	-1.39031	0.03361	0.01549	0.01549	0.01549
GCA	GCC	AC	0.85097	0.01630	0.02420	-0.85097	0.03817	0.02420	0.02420	0.02420
GCG	TCG	GT	0.68529	0.00194	0.00268	-0.68529	0.00385	0.00268	0.00134	0.00134
GCG	CCG	GC	-0.29126	0.00377	0.00325	0.29126	0.00282	0.00325	0.00163	0.00163
GCG	ACG	GA	0.25453	0.01164	0.01319	-0.25453	0.01501	0.01319	0.00659	0.00659
GCG	GTG	CT	3.08879	0.00473	0.01530	-3.08879	0.10381	0.01530	0.00765	0.00765
GCG	GCT	GT	2.32752	0.00194	0.00500	-2.32752	0.01987	0.00500	0.00500	0.00500
GCG	GCC	GC	1.78818	0.00377	0.00810	-1.78818	0.02256	0.00810	0.00810	0.00810
GCG	GCA	GA	0.93721	0.01164	0.01794	-0.93721	0.02972	0.01794	0.01794	0.01794
GAT	TAT	GT	-0.50274	0.01462	0.01126	0.50274	0.00885	0.01126	0.00563	0.00563
GAT	CAT	GC	-1.39592	0.02848	0.01308	1.39592	0.00705	0.01308	0.00654	0.00654
GAT	AAT	GA	-0.53775	0.08784	0.06632	0.53775	0.05130	0.06632	0.03316	0.03316
GAT	GTT	AT	-0.10035	0.01462	0.01390	0.10035	0.01323	0.01390	0.00695	0.00695
GAT	GCT	AC	0.16580	0.02848	0.03090	-0.16580	0.03361	0.03090	0.01545	0.01545
GAC	TAC	GT	-0.50606	0.02467	0.01895	0.50606	0.01487	0.01895	0.00948	0.00948
GAC	CAC	GC	-1.13026	0.04803	0.02590	1.13026	0.01551	0.02590	0.01295	0.01295
GAC	AAC	GA	-1.38129	0.14816	0.06867	1.38129	0.03722	0.06867	0.03434	0.03434
GAC	GTC	AT	0.10226	0.02467	0.02595	-0.10226	0.02732	0.02595	0.01298	0.01298
GAC	GCC	AC	-0.22994	0.04803	0.04272	0.22994	0.03817	0.04272	0.02136	0.02136
GAC	GAT	CT	0.14360	0.06019	0.06461	-0.14360	0.06948	0.06461	0.06461	0.06461
GAA	CAA	GC	-1.26809	0.05696	0.02828	1.26809	0.01603	0.02828	0.01414	0.01414
GAA	AAA	GA	-0.74351	0.17567	0.11838	0.74351	0.08352	0.11838	0.05919	0.05919
GAA	GTA	AT	-1.14317	0.02925	0.01565	1.14317	0.00933	0.01565	0.00782	0.00782
GAA	GCA	AC	-1.01689	0.05696	0.03282	1.01689	0.02060	0.03282	0.01641	0.01641
GAA	GAT	AT	0.20762	0.02925	0.03239	-0.20762	0.03600	0.03239	0.01620	0.01620
GAA	GAC	AC	0.06402	0.05696	0.05880	-0.06402	0.06072	0.05880	0.02940	0.02940
GAG	CAG	GC	-0.46428	0.07342	0.05769	0.46428	0.04615	0.05769	0.02885	0.02885
GAG	AAG	GA	-0.66855	0.22647	0.15914	0.66855	0.11605	0.15914	0.07957	0.07957
GAG	GTG	AT	0.35507	0.03771	0.04480	-0.35507	0.05378	0.04480	0.02240	0.02240
GAG	GCG	AC	-2.73372	0.07342	0.01395	2.73372	0.00477	0.01395	0.00697	0.00697
GAG	GAT	GT	-0.57200	0.03771	0.02795	0.57200	0.02128	0.02795	0.01397	0.01397
GAG	GAC	GC	-0.71560	0.07342	0.05026	0.71560	0.03590	0.05026	0.02513	0.02513
GAG	GAA	GA	-0.77962	0.22647	0.14954	0.77962	0.10385	0.14954	0.14954	0.14954
GGT	TGT	GT	-0.14705	0.00520	0.00483	0.14705	0.00449	0.00483	0.00241	0.00241
GGT	CGT	GC	-1.27776	0.01012	0.00500	1.27776	0.00282	0.00500	0.00250	0.00250
GGT	AGT	GA	-0.13726	0.03122	0.02912	0.13726	0.02721	0.02912	0.01456	0.01456
GGT	GTT	GT	0.40847	0.00520	0.00633	-0.40847	0.00782	0.00633	0.00317	0.00317
GGT	GCT	GC	0.67462	0.01012	0.01392	-0.67462	0.01987	0.01392	0.00696	0.00696
GGT	GAT	GA	0.50882	0.03122	0.03983	-0.50882	0.05193	0.03983	0.01992	0.01992
GGC	TGC	GT	-0.17437	0.01084	0.00992	0.17437	0.00910	0.00992	0.00496	0.00496
GGC	CGC	GC	-1.23225	0.02110	0.01071	1.23225	0.00615	0.01071	0.00535	0.00535
GGC	AGC	GA	-0.30737	0.06508	0.05559	0.30737	0.04786	0.05559	0.02780	0.02780
GGC	GTC	GT	0.39923	0.01084	0.01314	-0.39923	0.01615	0.01314	0.00657	0.00657
GGC	GCC	GC	0.06704	0.02110	0.02182	-0.06704	0.02256	0.02182	0.01091	0.01091
GGC	GAC	GA	0.29698	0.06508	0.07522	-0.29698	0.08759	0.07522	0.03761	0.03761
GGC	GGT	CT	-0.06825	0.02644	0.02555	0.06825	0.02470	0.02555	0.02555	0.02555
GGA	CGA	GC	-1.31654	0.01578	0.00761	1.31654	0.00423	0.00761	0.00380	0.00380
GGA	AGA	GA	-0.14958	0.04868	0.04513	0.14958	0.04192	0.04513	0.02256	0.02256
GGA	GTA	GT	-0.38545	0.00811	0.00664	0.38545	0.00551	0.00664	0.00332	0.00332
GGA	GCA	GC	-0.25918	0.01578	0.01383	0.25918	0.01218	0.01383	0.00691	0.00691
GGA	GAA	GA	0.75772	0.04868	0.06943	-0.75772	0.10385	0.06943	0.03471	0.03471
GGA	GGT	AT	0.45651	0.00811	0.01010	-0.45651	0.01279	0.01010	0.01010	0.01010
GGA	GGC	AC	0.52476	0.01578	0.02028	-0.52476	0.02667	0.02028	0.02028	0.02028
GGG	TGG	GT	-0.42801	0.00846	0.00678	0.42801	0.00551	0.00678	0.00339	0.00339
GGG	CGG	GC	-0.17348	0.01647	0.01508	0.17348	0.01385	0.01508	0.00754	0.00754
GGG	AGG	GA	-0.67114	0.05080	0.03564	0.67114	0.02596	0.03564	0.01782	0.01782
GGG	GTG	GT	1.32422	0.00846	0.01526	-1.32422	0.03179	0.01526	0.00763	0.00763
GGG	GCG	GC	-1.76457	0.01647	0.00601	1.76457	0.00282	0.00601	0.00300	0.00300
GGG	GAG	GA	0.96915	0.05080	0.07933	-0.96915	0.13388	0.07933	0.03966	0.03966
GGG	GGT	GT	-0.11167	0.00846	0.00799	0.11167	0.00756	0.00799	0.00799	0.00799
GGG	GGC	GC	-0.04343	0.01647	0.01611	0.04343	0.01577	0.01611	0.01611	0.01611
GGG	GGA	GA	-0.56819	0.05080	0.03772	0.56819	0.02878	0.03772	0.03772	0.03772


Histograms
2Ns	FMut	FSub(CodonUsage)	FSubw(after w)

-3.42974	0.01145	0.00133	0.00106
-3.08676	0.00686	0.00117	0.00093
-2.74379	0.01932	0.00440	0.00614
-2.40082	0.01406	0.00399	0.00553
-2.05784	0.00672	0.00242	0.00192
-1.71487	0.05142	0.02314	0.02563
-1.37189	0.06822	0.03656	0.03770
-1.02892	0.11596	0.07656	0.07592
-0.68595	0.17650	0.14032	0.14347
-0.34297	0.13328	0.12860	0.11213
0.00000	0.14153	0.16301	0.17917
0.34297	0.09441	0.12860	0.11213
0.68595	0.08753	0.14032	0.14347
1.02892	0.04153	0.07656	0.07592
1.37189	0.01721	0.03656	0.03770
1.71487	0.00981	0.02314	0.02563
2.05784	0.00091	0.00242	0.00192
2.40082	0.00133	0.00399	0.00553
2.74379	0.00133	0.00440	0.00614
3.08676	0.00031	0.00117	0.00093
3.42974	0.00031	0.00133	0.00106

Proportion of advantageous (S > 0) mutations:
 0.32198

Proportions of good & bad mutations (|S| > 2.0000) among mutations:
0.00350  0.05358

mean |Ns| = 0.83114	mean Ns+ = 0.59776	mean Ns- = -0.94197

