

TREE # 1

  0  0.0000  15300.918723  x:  0.10235   0.07413   0.01186   0.05125   0.04183   0.01793   0.05235   0.04510   0.07557   0.06362   0.09591   0.02831   0.01997   0.08481   0.07600   0.06426   0.10724   0.03029   0.07853   0.04931   0.01966   0.57375   0.56788   0.48637   0.56871   0.52143   0.46669  
  1 99.0000  13094.336411  x:  0.58571   0.29227   0.70222   0.06019   0.00000   0.00058   0.00718   0.01451   0.07485   0.16796   0.17002   0.44893   0.16699   0.06766   0.22814   0.33754   0.28119   0.38762   0.23667   0.49605   1.21394   0.71222   0.55309   0.48871   0.59267   0.45680   0.46963  
  2 14676.4412  13050.276096  x:  0.59687   0.29727   0.71794   0.06039   0.01260   0.00516   0.00654   0.01424   0.07483   0.17028   0.17172   0.45850   0.17025   0.06720   0.23162   0.34381   0.28520   0.39576   0.24028   0.50624   1.24124   0.71563   0.55271   0.48878   0.59326   0.45511   0.46968  
  3 111852.7692  13019.957983  x:  0.60825   0.29882   0.71681   0.05666   0.00445   0.02870   0.04310   0.02413   0.07200   0.16489   0.17189   0.45678   0.16237   0.06082   0.23187   0.34662   0.28886   0.39477   0.24019   0.50709   1.24674   0.73632   0.54932   0.49004   0.59698   0.43739   0.46851  
  4 2006.8942  12913.486920  x:  0.64385   0.30179   0.70398   0.04492   0.01343   0.00199   0.06722   0.03747   0.06421   0.14375   0.17157   0.44532   0.13224   0.03951   0.23089   0.35347   0.30002   0.38668   0.23786   0.50450   1.25217   0.80915   0.53709   0.49459   0.61033   0.37310   0.46408  
  5 1829.9439  12768.126016  x:  0.71224   0.30714   0.67692   0.02607   0.00993   0.01161   0.04906   0.04196   0.05274   0.10214   0.17086   0.42189   0.07481   0.00412   0.22874   0.36618   0.32133   0.36996   0.23299   0.49799   1.25948   0.94858   0.51319   0.50339   0.63643   0.24848   0.45526  
  6 6906.8320  12718.300222  x:  0.75235   0.31057   0.66057   0.02300   0.00893   0.01439   0.04385   0.04154   0.05165   0.07826   0.17088   0.40849   0.05017   0.03575   0.22787   0.37367   0.33402   0.36016   0.23041   0.49368   1.26238   1.02731   0.49917   0.50825   0.65191   0.18539   0.44994  
  7 5561.7552  12599.727753  x:  0.90709   0.33054   0.59591   0.10259   0.00835   0.01699   0.04520   0.00487   0.10901   0.00000   0.17954   0.35896   0.03223   0.04272   0.22872   0.40563   0.38762   0.32608   0.22690   0.47389   1.25552   1.28350   0.44640   0.52043   0.71383   0.23214   0.42782  
  8 1289.2041  12599.727753  x:  0.90709   0.33054   0.59591   0.10259   0.00835   0.01699   0.04520   0.00487   0.10901   0.00000   0.17954   0.35896   0.03223   0.04272   0.22872   0.40563   0.38762   0.32608   0.22690   0.47389   1.25552   1.28350   0.44640   0.52043   0.71383   0.23214   0.42782  
  9 6595.5692  12575.760561  x:  0.90897   0.33056   0.59303   0.09798   0.02380   0.01544   0.03986   0.03983   0.10493   0.00247   0.17971   0.35738   0.03924   0.04632   0.22872   0.40562   0.38810   0.32494   0.22665   0.47195   1.25231   1.28633   0.44567   0.52092   0.71472   0.23570   0.42719  
 10 2609.8621  12541.524049  x:  0.92055   0.33047   0.57494   0.07040   0.02060   0.00898   0.00963   0.03762   0.08126   0.01477   0.18052   0.34751   0.06855   0.06108   0.22866   0.40543   0.39093   0.31787   0.22514   0.45978   1.23239   1.30395   0.44122   0.52401   0.72017   0.25492   0.42333  
 11 833.1966  12518.131949  x:  0.93750   0.32967   0.54753   0.03514   0.02107   0.02503   0.02385   0.03514   0.05200   0.02750   0.18114   0.33285   0.09227   0.07036   0.22838   0.40471   0.39462   0.30745   0.22291   0.44130   1.20251   1.33039   0.43489   0.52888   0.72800   0.27516   0.41773  
 12 1434.7216  12480.447057  x:  0.97167   0.32549   0.48895   0.02368   0.03248   0.00380   0.03237   0.03018   0.04643   0.03718   0.18034   0.30327   0.08931   0.05513   0.22741   0.40166   0.40017   0.28668   0.21880   0.40129   1.13920   1.38604   0.42335   0.54022   0.74306   0.28633   0.40691  
 13 835.8493  12398.452171  x:  1.07035   0.31282   0.31958   0.01898   0.05745   0.01646   0.01845   0.02060   0.05033   0.06267   0.17780   0.21927   0.07707   0.01218   0.22497   0.39269   0.41571   0.22778   0.20769   0.28511   0.95535   1.54684   0.39103   0.57343   0.78616   0.31283   0.37629  
 14 6718.3004  12351.494161  x:  1.14475   0.30272   0.19571   0.04240   0.05606   0.01654   0.02432   0.02037   0.06328   0.07999   0.17639   0.16467   0.07188   0.04562   0.22529   0.38619   0.42674   0.18857   0.20251   0.19844   0.81590   1.66703   0.37041   0.59939   0.81749   0.32642   0.35572  
 15 4704.9354  12330.725981  x:  1.18063   0.29774   0.16586   0.03894   0.01496   0.01412   0.02510   0.03961   0.06033   0.08829   0.17897   0.17677   0.06488   0.03913   0.23246   0.38560   0.43088   0.19216   0.21229   0.16808   0.75064   1.72089   0.37519   0.61469   0.82864   0.31658   0.35613  
 16 776.4015  12301.810076  x:  1.26889   0.28758   0.15882   0.03076   0.03730   0.01667   0.02270   0.02921   0.06289   0.11022   0.18832   0.24910   0.06718   0.04514   0.25411   0.38901   0.44022   0.22946   0.24764   0.12651   0.60176   1.84394   0.40979   0.65623   0.85048   0.28581   0.37762  
 17 679.0281  12285.912510  x:  1.34691   0.28366   0.19437   0.05997   0.03357   0.01380   0.03054   0.02986   0.06488   0.11969   0.18743   0.26050   0.08212   0.03249   0.24946   0.39322   0.44971   0.23919   0.25272   0.15615   0.50971   1.94212   0.44076   0.69239   0.87203   0.32453   0.41350  
 18 457.2470  12264.009055  x:  1.46059   0.27111   0.23921   0.03666   0.03069   0.01714   0.02145   0.03300   0.06385   0.09480   0.17351   0.24243   0.04601   0.05077   0.22787   0.39372   0.45715   0.23459   0.23879   0.24077   0.40659   2.09284   0.48717   0.75269   0.90638   0.32156   0.47819  
 19 611.2996  12256.951245  x:  1.50380   0.26211   0.24101   0.03489   0.02795   0.01673   0.02426   0.03327   0.07080   0.07379   0.17081   0.23528   0.07422   0.04692   0.22446   0.39294   0.45674   0.23123   0.23011   0.27770   0.38693   2.15701   0.50231   0.78114   0.92320   0.29384   0.50753  
 20 454.0235  12251.075349  x:  1.54682   0.25130   0.21673   0.04719   0.03121   0.01710   0.02264   0.03205   0.05088   0.06367   0.18925   0.24790   0.07053   0.04673   0.24585   0.39682   0.45520   0.23882   0.22827   0.30545   0.41926   2.23044   0.50667   0.82010   0.95267   0.29360   0.54805  
 21 181.2222  12247.576411  x:  1.57471   0.24584   0.20754   0.03627   0.02953   0.01720   0.02391   0.03269   0.07282   0.07151   0.19979   0.25466   0.06981   0.04836   0.25710   0.40113   0.45546   0.24538   0.22892   0.31189   0.45237   2.28298   0.50625   0.85096   0.97797   0.30249   0.57970  
 22 285.2424  12243.060565  x:  1.60461   0.24390   0.23219   0.04065   0.02795   0.01736   0.02416   0.03327   0.06837   0.10046   0.18832   0.24522   0.06818   0.04908   0.24242   0.40447   0.45786   0.24944   0.22975   0.27442   0.51100   2.36155   0.50138   0.90758   1.02597   0.28741   0.63407  
 23 157.3030  12240.563435  x:  1.61329   0.24683   0.24506   0.03866   0.02752   0.01758   0.02333   0.03362   0.06804   0.07058   0.17174   0.25087   0.06959   0.05003   0.23076   0.40055   0.45987   0.25068   0.23137   0.23558   0.54035   2.39936   0.50550   0.94623   1.05870   0.29791   0.67064  
 24 139.5078  12239.839437  x:  1.60288   0.25203   0.25255   0.03782   0.02703   0.01762   0.02312   0.03386   0.06800   0.06511   0.18771   0.24794   0.06977   0.05026   0.23753   0.40085   0.46028   0.23896   0.22249   0.22161   0.54087   2.40303   0.51977   0.97156   1.07914   0.29801   0.68795  
 25 43.5522  12238.215396  x:  1.54841   0.26602   0.23366   0.03824   0.02751   0.01741   0.02342   0.03356   0.06752   0.07250   0.18517   0.23098   0.07000   0.04911   0.23870   0.39765   0.45788   0.24508   0.23579   0.21961   0.52888   2.39272   0.57009   1.05888   1.16011   0.30081   0.73478  
 26 47.2059  12237.284713  x:  1.51247   0.26466   0.22490   0.03927   0.02788   0.01735   0.02371   0.03333   0.06770   0.08146   0.17306   0.24618   0.06934   0.04864   0.23501   0.39711   0.45063   0.23310   0.22549   0.22655   0.51725   2.38592   0.57917   1.11078   1.22583   0.30289   0.75307  
 27 75.7620  12236.188308  x:  1.46909   0.25717   0.23228   0.03899   0.02749   0.01743   0.02348   0.03350   0.06759   0.07549   0.18474   0.24623   0.06954   0.04915   0.23128   0.39941   0.44301   0.24185   0.23173   0.23778   0.49770   2.37879   0.55926   1.17161   1.33299   0.30254   0.75458  
 28 62.6130  12235.833007  x:  1.46400   0.26410   0.23839   0.03902   0.02719   0.01749   0.02338   0.03364   0.06767   0.07339   0.17712   0.24437   0.06950   0.04943   0.24631   0.39795   0.45274   0.24274   0.23160   0.24148   0.49693   2.37585   0.56335   1.18916   1.37860   0.30065   0.73843  
 29 31.0735  12235.157656  x:  1.47021   0.27067   0.24124   0.03960   0.02698   0.01757   0.02331   0.03371   0.06799   0.07017   0.18305   0.25056   0.06925   0.04989   0.23359   0.40057   0.46941   0.24403   0.22983   0.24589   0.50633   2.36611   0.60035   1.21752   1.47602   0.29810   0.68738  
 30 39.3361  12234.855906  x:  1.47936   0.25448   0.24579   0.03955   0.02684   0.01757   0.02326   0.03376   0.06799   0.06929   0.18084   0.24739   0.06917   0.04997   0.23759   0.40003   0.45670   0.24499   0.22981   0.24305   0.51074   2.35705   0.62395   1.22617   1.52214   0.29890   0.66603  
 31 33.0284  12234.678905  x:  1.50604   0.26671   0.24316   0.03944   0.02680   0.01754   0.02323   0.03373   0.06803   0.07035   0.18196   0.24706   0.06928   0.04986   0.23769   0.39554   0.44389   0.24363   0.23129   0.24085   0.50939   2.33440   0.62909   1.21486   1.56211   0.29532   0.67849  
 32  7.3335  12234.640843  x:  1.51009   0.26527   0.24206   0.03941   0.02678   0.01753   0.02319   0.03373   0.06793   0.06990   0.18102   0.24627   0.06932   0.04983   0.23816   0.40308   0.44631   0.24489   0.22965   0.23974   0.50847   2.32995   0.63072   1.21008   1.57062   0.29445   0.68382  
 33  6.9525  12234.573073  x:  1.51202   0.25499   0.24112   0.03945   0.02671   0.01751   0.02317   0.03371   0.06791   0.07060   0.18180   0.24629   0.06934   0.04979   0.23829   0.39957   0.45880   0.24276   0.23173   0.23915   0.50736   2.32673   0.63420   1.19853   1.58382   0.29349   0.69508  
 34  5.4230  12234.501352  x:  1.50785   0.25537   0.24061   0.03961   0.02654   0.01749   0.02315   0.03371   0.06797   0.07110   0.18235   0.24599   0.06924   0.04980   0.23821   0.39564   0.45885   0.24949   0.22455   0.23887   0.50625   2.33272   0.63793   1.18999   1.59082   0.29370   0.70027  
 35  2.6070  12234.078735  x:  1.48304   0.26786   0.24236   0.04036   0.02556   0.01741   0.02290   0.03368   0.06818   0.07033   0.18275   0.24890   0.06876   0.05014   0.23946   0.40070   0.44435   0.24462   0.23262   0.24357   0.50334   2.37439   0.65681   1.15172   1.62183   0.29428   0.72113  
 36 10.0855  12229.841956  x:  1.56562   0.25075   0.25292   0.04551   0.01608   0.01597   0.02009   0.03285   0.06851   0.06717   0.18492   0.27239   0.06426   0.05194   0.24153   0.40418   0.45137   0.25757   0.23512   0.27460   0.46701   2.45722   0.67471   1.31712   1.67671   0.29854   0.85466  
 37  3.0561  12228.590853  x:  1.58321   0.25063   0.26174   0.04673   0.02365   0.01491   0.01938   0.02655   0.06870   0.06416   0.18409   0.27256   0.06283   0.05336   0.23927   0.40437   0.45518   0.25775   0.23294   0.29093   0.45484   2.47045   0.68808   1.36726   1.71858   0.29686   0.94274  
 38  0.1105  12227.993466  x:  1.57811   0.25654   0.26925   0.04432   0.02052   0.01363   0.02059   0.02377   0.06818   0.06550   0.18217   0.26607   0.06454   0.05418   0.23629   0.40354   0.45763   0.25526   0.23088   0.29890   0.45051   2.45136   0.69755   1.37063   1.74110   0.29311   1.04462  
 39  0.0653  12227.889528  x:  1.57128   0.25367   0.26577   0.04431   0.01951   0.01379   0.02017   0.02385   0.06820   0.06272   0.18316   0.26574   0.06347   0.05358   0.23849   0.40393   0.45473   0.25600   0.23220   0.29998   0.44791   2.44073   0.68747   1.34295   1.69855   0.29437   1.08792  
 40  0.0391  12227.857135  x:  1.57169   0.25471   0.26492   0.04473   0.02022   0.01409   0.02022   0.02346   0.06801   0.06528   0.18346   0.26693   0.06354   0.05330   0.23834   0.40402   0.45533   0.25610   0.23209   0.30249   0.44578   2.43723   0.68353   1.33046   1.68063   0.29394   1.12224  
 41  0.0233  12227.840148  x:  1.57341   0.25556   0.26663   0.04479   0.02011   0.01423   0.02034   0.02381   0.06829   0.06364   0.18295   0.26724   0.06378   0.05301   0.23745   0.40386   0.45571   0.25599   0.23172   0.30498   0.44343   2.43791   0.68601   1.33294   1.68589   0.29265   1.15463  
 42  0.0154  12227.835490  x:  1.57438   0.25493   0.26680   0.04461   0.02009   0.01428   0.02031   0.02408   0.06814   0.06412   0.18314   0.26682   0.06386   0.05304   0.23794   0.40399   0.45549   0.25611   0.23189   0.30615   0.44205   2.43929   0.68756   1.33681   1.69007   0.29330   1.16632  
 43  0.0092  12227.834822  x:  1.57442   0.25492   0.26652   0.04462   0.02019   0.01419   0.02029   0.02412   0.06818   0.06408   0.18318   0.26679   0.06374   0.05305   0.23798   0.40402   0.45560   0.25617   0.23195   0.30629   0.44198   2.43997   0.68739   1.33853   1.69166   0.29317   1.16995  
 44  0.0026  12227.834720  x:  1.57431   0.25500   0.26648   0.04460   0.02016   0.01415   0.02029   0.02412   0.06816   0.06414   0.18316   0.26684   0.06380   0.05310   0.23793   0.40400   0.45560   0.25614   0.23192   0.30624   0.44200   2.44001   0.68721   1.33836   1.69180   0.29317   1.17099  
 45  0.0008  12227.834709  x:  1.57430   0.25497   0.26649   0.04462   0.02016   0.01416   0.02029   0.02412   0.06816   0.06412   0.18316   0.26686   0.06380   0.05313   0.23795   0.40400   0.45556   0.25613   0.23192   0.30629   0.44193   2.43999   0.68718   1.33815   1.69162   0.29317   1.17113  
 46  0.0002  12227.834708  x:  1.57431   0.25498   0.26649   0.04462   0.02016   0.01416   0.02029   0.02412   0.06817   0.06412   0.18316   0.26685   0.06379   0.05314   0.23795   0.40400   0.45558   0.25613   0.23192   0.30628   0.44195   2.43993   0.68719   1.33810   1.69154   0.29317   1.17109  
 47  0.0001  12227.834708  x:  1.57431   0.25498   0.26649   0.04462   0.02016   0.01416   0.02029   0.02412   0.06817   0.06412   0.18316   0.26685   0.06379   0.05314   0.23794   0.40400   0.45557   0.25613   0.23192   0.30628   0.44195   2.43993   0.68720   1.33812   1.69153   0.29317   1.17108  
 48  0.0000  12227.834708  x:  1.57431   0.25498   0.26649   0.04462   0.02016   0.01416   0.02029   0.02412   0.06817   0.06412   0.18316   0.26685   0.06379   0.05314   0.23794   0.40400   0.45557   0.25613   0.23192   0.30628   0.44195   2.43993   0.68720   1.33812   1.69152   0.29317   1.17109  
 49  0.0000  12227.834708  x:  1.57431   0.25498   0.26649   0.04462   0.02016   0.01416   0.02029   0.02412   0.06817   0.06412   0.18316   0.26685   0.06379   0.05314   0.23794   0.40400   0.45557   0.25613   0.23192   0.30628   0.44195   2.43993   0.68720   1.33812   1.69152   0.29317   1.17109  
 50  0.0000  12227.834708  x:  1.57431   0.25498   0.26649   0.04462   0.02016   0.01416   0.02029   0.02412   0.06817   0.06412   0.18316   0.26685   0.06379   0.05314   0.23794   0.40400   0.45557   0.25613   0.23192   0.30628   0.44195   2.43993   0.68720   1.33812   1.69152   0.29317   1.17109  