Supplemental results for CODEML (seqf: ../../../myxovirus.aln  treef: ../../../myxovirus_branch_duck.tree)

I	J	ij	2Ns_IJ	pMut_IJ	pSub_IJ	2Ns_JI	pMut_JI	pSub_JI

TTC	TTT	CT	0.58104	0.03154	0.04158	-0.58104	0.05639	0.04158	0.04158	0.04158
TTA	TTT	AT	2.17973	0.00324	0.00795	-2.17973	0.02862	0.00795	0.00398	0.00398
TTA	TTC	AC	1.59869	0.00635	0.01273	-1.59869	0.03142	0.01273	0.00636	0.00636
TTG	TTT	GT	0.77301	0.00787	0.01130	-0.77301	0.01705	0.01130	0.00565	0.00565
TTG	TTC	GC	0.19197	0.01545	0.01698	-0.19197	0.01872	0.01698	0.00849	0.00849
TTG	TTA	GA	-1.40672	0.04783	0.02183	1.40672	0.01172	0.02183	0.02183	0.02183
TCT	TTT	CT	1.40577	0.01382	0.02575	-1.40577	0.05639	0.02575	0.01287	0.01287
TCC	TTC	CT	1.07294	0.02117	0.03452	-1.07294	0.06190	0.03452	0.01726	0.01726
TCC	TCT	CT	0.24822	0.02117	0.02390	-0.24822	0.02713	0.02390	0.02390	0.02390
TCA	TTA	CT	0.29624	0.01166	0.01348	-0.29624	0.01569	0.01348	0.00674	0.00674
TCA	TCT	AT	1.07020	0.00472	0.00769	-1.07020	0.01377	0.00769	0.00769	0.00769
TCA	TCC	AC	0.82198	0.00927	0.01359	-0.82198	0.02109	0.01359	0.01359	0.01359
TCG	TTG	CT	1.77291	0.00648	0.01384	-1.77291	0.03816	0.01384	0.00692	0.00692
TCG	TCT	GT	1.14016	0.00262	0.00440	-1.14016	0.00821	0.00440	0.00440	0.00440
TCG	TCC	GC	0.89194	0.00515	0.00778	-0.89194	0.01256	0.00778	0.00778	0.00778
TCG	TCA	GA	0.06996	0.01594	0.01651	-0.06996	0.01710	0.01651	0.01651	0.01651
TAT	TTT	AT	1.55654	0.00603	0.01190	-1.55654	0.02862	0.01190	0.00595	0.00595
TAT	TCT	AC	0.15077	0.01184	0.01276	-0.15077	0.01377	0.01276	0.00638	0.00638
TAC	TTC	AT	1.13032	0.01015	0.01694	-1.13032	0.03142	0.01694	0.00847	0.00847
TAC	TCC	AC	0.05738	0.01991	0.02049	-0.05738	0.02109	0.02049	0.01024	0.01024
TAC	TAT	CT	0.15482	0.02506	0.02705	-0.15482	0.02925	0.02705	0.02705	0.02705
TGT	TTT	GT	1.71747	0.00306	0.00641	-1.71747	0.01705	0.00641	0.00320	0.00320
TGT	TCT	GC	0.31171	0.00601	0.00699	-0.31171	0.00821	0.00699	0.00350	0.00350
TGT	TAT	GA	0.16093	0.01860	0.02014	-0.16093	0.02185	0.02014	0.01007	0.01007
TGC	TTC	GT	1.10340	0.00621	0.01025	-1.10340	0.01872	0.01025	0.00513	0.00513
TGC	TCC	GC	0.03046	0.01219	0.01237	-0.03046	0.01256	0.01237	0.00619	0.00619
TGC	TAC	GA	-0.02692	0.03773	0.03723	0.02692	0.03673	0.03723	0.01861	0.01861
TGC	TGT	CT	-0.03303	0.01534	0.01508	0.03303	0.01484	0.01508	0.01508	0.01508
TGG	TTG	GT	1.12108	0.00376	0.00625	-1.12108	0.01154	0.00625	0.00313	0.00313
TGG	TCG	GC	-0.65183	0.00738	0.00523	0.65183	0.00385	0.00523	0.00262	0.00262
TGG	TGT	GT	0.17662	0.00376	0.00410	-0.17662	0.00449	0.00410	0.00205	0.00205
TGG	TGC	GC	0.20965	0.00738	0.00818	-0.20965	0.00910	0.00818	0.00409	0.00409
CTT	TTT	CT	1.00030	0.02074	0.03281	-1.00030	0.05639	0.03281	0.01640	0.01640
CTC	TTC	CT	0.84572	0.02657	0.03937	-0.84572	0.06190	0.03937	0.01968	0.01968
CTC	CTT	CT	0.42647	0.02657	0.03264	-0.42647	0.04070	0.03264	0.03264	0.03264
CTA	TTA	CT	0.39340	0.01058	0.01280	-0.39340	0.01569	0.01280	0.01280	0.01280
CTA	CTT	AT	1.57283	0.00429	0.00850	-1.57283	0.02066	0.00850	0.00850	0.00850
CTA	CTC	AC	1.14636	0.00841	0.01413	-1.14636	0.02647	0.01413	0.01413	0.01413
CTG	TTG	CT	-0.85175	0.08943	0.05668	0.85175	0.03816	0.05668	0.05668	0.05668
CTG	CTT	GT	-1.07905	0.03621	0.02012	1.07905	0.01231	0.02012	0.02012	0.02012
CTG	CTC	GC	-1.50551	0.07106	0.03051	1.50551	0.01577	0.03051	0.03051	0.03051
CTG	CTA	GA	-2.65187	0.22002	0.04427	2.65187	0.01552	0.04427	0.04427	0.04427
CCT	TCT	CT	0.33338	0.01944	0.02286	-0.33338	0.02713	0.02286	0.01143	0.01143
CCT	CTT	CT	0.73884	0.01944	0.02750	-0.73884	0.04070	0.02750	0.01375	0.01375
CCC	TCC	CT	0.88982	0.01706	0.02577	-0.88982	0.04155	0.02577	0.01288	0.01288
CCC	CTC	CT	1.11704	0.01706	0.02833	-1.11704	0.05215	0.02833	0.01417	0.01417
CCC	CCT	CT	0.80466	0.01706	0.02484	-0.80466	0.03816	0.02484	0.02484	0.02484
CCA	TCA	CT	0.40061	0.01534	0.01861	-0.40061	0.02289	0.01861	0.00931	0.00931
CCA	CTA	CT	0.30344	0.01534	0.01778	-0.30344	0.02077	0.01778	0.00889	0.00889
CCA	CCT	AT	1.13743	0.00621	0.01040	-1.13743	0.01937	0.01040	0.01040	0.01040
CCA	CCC	AC	0.33277	0.01219	0.01433	-0.33277	0.01700	0.01433	0.01433	0.01433
CCG	TCG	CT	0.98446	0.00475	0.00747	-0.98446	0.01272	0.00747	0.00373	0.00373
CCG	CTG	CT	3.60913	0.00475	0.01763	-3.60913	0.17551	0.01763	0.00881	0.00881
CCG	CCT	GT	1.79124	0.00192	0.00414	-1.79124	0.01154	0.00414	0.00414	0.00414
CCG	CCC	GC	0.98658	0.00378	0.00594	-0.98658	0.01013	0.00594	0.00594	0.00594
CCG	CCA	GA	0.65381	0.01169	0.01593	-0.65381	0.02248	0.01593	0.01593	0.01593
CAT	TAT	CT	0.90108	0.01188	0.01803	-0.90108	0.02925	0.01803	0.00901	0.00901
CAT	CTT	AT	1.45731	0.00481	0.00914	-1.45731	0.02066	0.00914	0.00457	0.00457
CAT	CCT	AC	0.71847	0.00944	0.01323	-0.71847	0.01937	0.01323	0.00662	0.00662
CAC	TAC	CT	0.63210	0.02614	0.03526	-0.63210	0.04918	0.03526	0.01763	0.01763
CAC	CTC	AT	0.91669	0.01058	0.01616	-0.91669	0.02647	0.01616	0.00808	0.00808
CAC	CCC	AC	-0.20034	0.02077	0.01876	0.20034	0.01700	0.01876	0.00938	0.00938
CAC	CAT	CT	-0.11416	0.02614	0.02467	0.11416	0.02332	0.02467	0.02467	0.02467
CAA	CTA	AT	-0.03619	0.01093	0.01074	0.03619	0.01054	0.01074	0.00537	0.00537
CAA	CCA	AC	-0.33964	0.02146	0.01802	0.33964	0.01528	0.01802	0.00901	0.00901
CAA	CAT	AT	0.07932	0.01093	0.01137	-0.07932	0.01183	0.01137	0.00569	0.00569
CAA	CAC	AC	0.19347	0.02146	0.02360	-0.19347	0.02604	0.02360	0.01180	0.01180
CAG	CTG	AT	1.04006	0.03148	0.05065	-1.04006	0.08908	0.05065	0.02532	0.02532
CAG	CCG	AC	-2.56906	0.06179	0.01317	2.56906	0.00473	0.01317	0.00659	0.00659
CAG	CAT	GT	-1.49630	0.03148	0.01360	1.49630	0.00705	0.01360	0.00680	0.00680
CAG	CAC	GC	-1.38214	0.06179	0.02863	1.38214	0.01551	0.02863	0.01431	0.01431
CAG	CAA	GA	-1.57562	0.19132	0.07863	1.57562	0.03958	0.07863	0.07863	0.07863
CGT	TGT	CT	1.13861	0.00475	0.00796	-1.13861	0.01484	0.00796	0.00398	0.00398
CGT	CTT	GT	1.85578	0.00192	0.00423	-1.85578	0.01231	0.00423	0.00212	0.00212
CGT	CCT	GC	1.11694	0.00378	0.00627	-1.11694	0.01154	0.00627	0.00313	0.00313
CGT	CAT	GA	0.39846	0.01169	0.01418	-0.39846	0.01742	0.01418	0.00709	0.00709
CGC	TGC	CT	1.06578	0.01037	0.01686	-1.06578	0.03010	0.01686	0.00843	0.00843
CGC	CTC	GT	1.32346	0.00420	0.00757	-1.32346	0.01577	0.00757	0.00379	0.00379
CGC	CCC	GC	0.20642	0.00824	0.00912	-0.20642	0.01013	0.00912	0.00456	0.00456
CGC	CAC	GA	0.40676	0.02551	0.03105	-0.40676	0.03831	0.03105	0.01552	0.01552
CGC	CGT	CT	-0.10586	0.01037	0.00983	0.10586	0.00933	0.00983	0.00983	0.00983
CGA	CTA	GT	0.77779	0.00289	0.00415	-0.77779	0.00628	0.00415	0.00208	0.00208
CGA	CCA	GC	0.47434	0.00566	0.00711	-0.47434	0.00910	0.00711	0.00356	0.00356
CGA	CAA	GA	0.81398	0.01754	0.02563	-0.81398	0.03958	0.02563	0.01282	0.01282
CGA	CGT	AT	0.49483	0.00289	0.00366	-0.49483	0.00473	0.00366	0.00366	0.00366
CGA	CGC	AC	0.60069	0.00566	0.00754	-0.60069	0.01033	0.00754	0.00754	0.00754
CGG	TGG	CT	-0.24663	0.02333	0.02057	0.24663	0.01823	0.02057	0.01029	0.01029
CGG	CTG	GT	1.72621	0.00945	0.01983	-1.72621	0.05308	0.01983	0.00992	0.00992
CGG	CCG	GC	-1.88292	0.01854	0.00626	1.88292	0.00282	0.00626	0.00313	0.00313
CGG	CAG	GA	0.68615	0.05740	0.07932	-0.68615	0.11399	0.07932	0.03966	0.03966
CGG	CGT	GT	-1.20862	0.00945	0.00486	1.20862	0.00282	0.00486	0.00486	0.00486
CGG	CGC	GC	-1.10276	0.01854	0.01016	1.10276	0.00615	0.01016	0.01016	0.01016
CGG	CGA	GA	-1.70345	0.05740	0.02176	1.70345	0.01045	0.02176	0.02176	0.02176
ATT	TTT	AT	0.67265	0.01461	0.02006	-0.67265	0.02862	0.02006	0.01003	0.01003
ATT	CTT	AC	-0.32765	0.02867	0.02423	0.32765	0.02066	0.02423	0.01211	0.01211
ATC	TTC	AT	0.06680	0.02939	0.03038	-0.06680	0.03142	0.03038	0.01519	0.01519
ATC	CTC	AC	-0.77893	0.05767	0.03810	0.77893	0.02647	0.03810	0.01905	0.01905
ATC	ATT	CT	-0.02482	0.07258	0.07168	0.02482	0.07080	0.07168	0.07168	0.07168
ATA	TTA	AT	-0.18013	0.00953	0.00870	0.18013	0.00796	0.00870	0.00435	0.00435
ATA	CTA	AC	-0.57353	0.01871	0.01385	0.57353	0.01054	0.01385	0.00693	0.00693
ATA	ATT	AT	1.32695	0.00953	0.01722	-1.32695	0.03593	0.01722	0.01722	0.01722
ATA	ATC	AC	1.35176	0.01871	0.03412	-1.35176	0.07230	0.03412	0.03412	0.03412
ATG	TTG	AT	0.50227	0.01172	0.01491	-0.50227	0.01937	0.01491	0.00745	0.00745
ATG	CTG	AC	1.35402	0.02300	0.04198	-1.35402	0.08908	0.04198	0.02099	0.02099
ATG	ATT	GT	0.60263	0.01172	0.01560	-0.60263	0.02141	0.01560	0.00780	0.00780
ATG	ATC	GC	0.62744	0.02300	0.03097	-0.62744	0.04308	0.03097	0.01548	0.01548
ATG	ATA	GA	-0.72432	0.07121	0.04851	0.72432	0.03451	0.04851	0.02425	0.02425
ACT	TCT	AT	0.68973	0.00691	0.00956	-0.68973	0.01377	0.00956	0.00478	0.00478
ACT	CCT	AC	0.35636	0.01356	0.01612	-0.35636	0.01937	0.01612	0.00806	0.00806
ACT	ATT	CT	1.42285	0.01706	0.03199	-1.42285	0.07080	0.03199	0.01600	0.01600
ACC	TCC	AT	0.57261	0.01189	0.01562	-0.57261	0.02109	0.01562	0.00781	0.00781
ACC	CCC	AC	-0.31721	0.02334	0.01984	0.31721	0.01700	0.01984	0.00992	0.00992
ACC	ATC	CT	1.57876	0.02938	0.05843	-1.57876	0.14245	0.05843	0.02921	0.02921
ACC	ACT	CT	0.13109	0.02938	0.03134	-0.13109	0.03349	0.03134	0.03134	0.03134
ACA	TCA	AT	0.19794	0.00953	0.01051	-0.19794	0.01162	0.01051	0.00525	0.00525
ACA	CCA	AC	-0.20267	0.01871	0.01688	0.20267	0.01528	0.01688	0.00844	0.00844
ACA	ATA	CT	0.67430	0.02354	0.03237	-0.67430	0.04621	0.03237	0.01618	0.01618
ACA	ACT	AT	0.57840	0.00953	0.01255	-0.57840	0.01700	0.01255	0.01255	0.01255
ACA	ACC	AC	0.44730	0.01871	0.02321	-0.44730	0.02926	0.02321	0.02321	0.02321
ACG	TCG	AT	0.43030	0.00420	0.00517	-0.43030	0.00646	0.00517	0.00258	0.00258
ACG	CCG	AC	-0.55416	0.00824	0.00617	0.55416	0.00473	0.00617	0.00308	0.00308
ACG	ATG	CT	1.70094	0.01037	0.02157	-1.70094	0.05681	0.02157	0.01079	0.01079
ACG	ACT	GT	0.88072	0.00420	0.00631	-0.88072	0.01013	0.00631	0.00631	0.00631
ACG	ACC	GC	0.74962	0.00824	0.01171	-0.74962	0.01744	0.01171	0.01171	0.01171
ACG	ACA	GA	0.30232	0.02551	0.02956	-0.30232	0.03451	0.02956	0.02956	0.02956
AAT	TAT	AT	0.03454	0.01434	0.01459	-0.03454	0.01485	0.01459	0.00730	0.00730
AAT	CAT	AC	-0.86654	0.02815	0.01769	0.86654	0.01183	0.01769	0.00885	0.00885
AAT	ATT	AT	0.91843	0.01434	0.02192	-0.91843	0.03593	0.02192	0.01096	0.01096
AAT	ACT	AC	-0.50442	0.02815	0.02165	0.50442	0.01700	0.02165	0.01082	0.01082
AAC	TAC	AT	0.87477	0.01041	0.01561	-0.87477	0.02496	0.01561	0.00781	0.00781
AAC	CAC	AC	0.24266	0.02043	0.02300	-0.24266	0.02604	0.02300	0.01150	0.01150
AAC	ATC	AT	1.93829	0.01041	0.02356	-1.93829	0.07230	0.02356	0.01178	0.01178
AAC	ACC	AC	0.35953	0.02043	0.02432	-0.35953	0.02926	0.02432	0.01216	0.01216
AAC	AAT	CT	0.99504	0.02570	0.04058	-0.99504	0.06953	0.04058	0.04058	0.04058
AAA	CAA	AC	-0.53294	0.04583	0.03470	0.53294	0.02690	0.03470	0.01735	0.01735
AAA	ATA	AT	0.00440	0.02335	0.02340	-0.00440	0.02345	0.02340	0.01170	0.01170
AAA	ACA	AC	-0.66990	0.04583	0.03218	0.66990	0.02345	0.03218	0.01609	0.01609
AAA	AAT	AT	0.41292	0.02335	0.02850	-0.41292	0.03529	0.02850	0.01425	0.01425
AAA	AAC	AC	-0.58213	0.04583	0.03378	0.58213	0.02561	0.03378	0.01689	0.01689
AAG	CAG	AC	0.19590	0.06368	0.07012	-0.19590	0.07746	0.07012	0.03506	0.03506
AAG	ATG	AT	-0.11806	0.03245	0.03057	0.11806	0.02883	0.03057	0.01528	0.01528
AAG	ACG	AC	-1.81900	0.06368	0.02242	1.81900	0.01033	0.02242	0.01121	0.01121
AAG	AAT	GT	-0.43386	0.03245	0.02592	0.43386	0.02103	0.02592	0.01296	0.01296
AAG	AAC	GC	-1.42891	0.06368	0.02867	1.42891	0.01526	0.02867	0.01433	0.01433
AAG	AAA	GA	-0.84678	0.19717	0.12533	0.84678	0.08454	0.12533	0.12533	0.12533
AGT	TGT	AT	-0.01026	0.00761	0.00757	0.01026	0.00753	0.00757	0.00378	0.00378
AGT	CGT	AC	-1.14887	0.01493	0.00796	1.14887	0.00473	0.00796	0.00398	0.00398
AGT	ATT	GT	1.03456	0.00761	0.01221	-1.03456	0.02141	0.01221	0.00611	0.00611
AGT	ACT	GC	-0.38829	0.01493	0.01222	0.38829	0.01013	0.01222	0.00611	0.00611
AGT	AAT	GA	0.11613	0.04624	0.04897	-0.11613	0.05193	0.04897	0.02449	0.02449
AGC	TGC	AT	0.13254	0.01338	0.01429	-0.13254	0.01528	0.01429	0.00714	0.00714
AGC	CGC	AC	-0.93324	0.02626	0.01589	0.93324	0.01033	0.01589	0.00794	0.00794
AGC	ATC	GT	1.16915	0.01338	0.02269	-1.16915	0.04308	0.02269	0.01135	0.01135
AGC	ACC	GC	-0.40961	0.02626	0.02125	0.40961	0.01744	0.02125	0.01062	0.01062
AGC	AAC	GA	-0.76914	0.08131	0.05401	0.76914	0.03768	0.05401	0.02701	0.02701
AGC	AGT	CT	0.10977	0.03305	0.03490	-0.10977	0.03688	0.03490	0.03490	0.03490
AGA	CGA	AC	-1.17533	0.02300	0.01207	1.17533	0.00710	0.01207	0.01207	0.01207
AGA	ATA	GT	0.17598	0.01172	0.01278	-0.17598	0.01397	0.01278	0.00639	0.00639
AGA	ACA	GC	-0.49832	0.02300	0.01774	0.49832	0.01397	0.01774	0.00887	0.00887
AGA	AAA	GA	0.17158	0.07121	0.07750	-0.17158	0.08454	0.07750	0.03875	0.03875
AGA	AGT	AT	0.46837	0.01172	0.01468	-0.46837	0.01872	0.01468	0.00734	0.00734
AGA	AGC	AC	0.35860	0.02300	0.02737	-0.35860	0.03292	0.02737	0.01369	0.01369
AGG	TGG	AT	0.24266	0.00726	0.00818	-0.24266	0.00925	0.00818	0.00409	0.00409
AGG	CGG	AC	0.48929	0.01425	0.01802	-0.48929	0.02324	0.01802	0.01802	0.01802
AGG	ATG	GT	0.86147	0.00726	0.01083	-0.86147	0.01718	0.01083	0.00541	0.00541
AGG	ACG	GC	-0.83947	0.01425	0.00909	0.83947	0.00615	0.00909	0.00455	0.00455
AGG	AAG	GA	0.97953	0.04411	0.06919	-0.97953	0.11748	0.06919	0.03459	0.03459
AGG	AGT	GT	0.42954	0.00726	0.00893	-0.42954	0.01115	0.00893	0.00446	0.00446
AGG	AGC	GC	0.31977	0.01425	0.01665	-0.31977	0.01962	0.01665	0.00832	0.00832
AGG	AGA	GA	-0.03883	0.04411	0.04326	0.03883	0.04243	0.04326	0.04326	0.04326
GTT	TTT	GT	1.16195	0.00533	0.00902	-1.16195	0.01705	0.00902	0.00451	0.00451
GTT	CTT	GC	0.16164	0.01047	0.01134	-0.16164	0.01231	0.01134	0.00567	0.00567
GTT	ATT	GA	0.48929	0.03242	0.04099	-0.48929	0.05288	0.04099	0.02050	0.02050
GTC	TTC	GT	0.52980	0.01102	0.01420	-0.52980	0.01872	0.01420	0.00710	0.00710
GTC	CTC	GC	-0.31593	0.02163	0.01839	0.31593	0.01577	0.01839	0.00920	0.00920
GTC	ATC	GA	0.46300	0.06696	0.08366	-0.46300	0.10639	0.08366	0.04183	0.04183
GTC	GTT	CT	-0.05111	0.02722	0.02653	0.05111	0.02586	0.02653	0.02653	0.02653
GTA	TTA	GT	0.23219	0.00376	0.00421	-0.23219	0.00474	0.00421	0.00211	0.00211
GTA	CTA	GC	-0.16121	0.00738	0.00680	0.16121	0.00628	0.00680	0.00340	0.00340
GTA	ATA	GA	0.41232	0.02285	0.02789	-0.41232	0.03451	0.02789	0.01394	0.01394
GTA	GTT	AT	1.24997	0.00376	0.00659	-1.24997	0.01313	0.00659	0.00659	0.00659
GTA	GTC	AC	1.30108	0.00738	0.01320	-1.30108	0.02711	0.01320	0.01320	0.01320
GTG	TTG	GT	-0.63115	0.02169	0.01556	0.63115	0.01154	0.01556	0.00778	0.00778
GTG	CTG	GC	0.22061	0.04257	0.04744	-0.22061	0.05308	0.04744	0.02372	0.02372
GTG	ATG	GA	-1.13342	0.13180	0.07092	1.13342	0.04243	0.07092	0.03546	0.03546
GTG	GTT	GT	-1.02008	0.02169	0.01248	1.02008	0.00782	0.01248	0.01248	0.01248
GTG	GTC	GC	-0.96898	0.04257	0.02522	0.96898	0.01615	0.02522	0.02522	0.02522
GTG	GTA	GA	-2.27006	0.13180	0.03447	2.27006	0.01362	0.03447	0.03447	0.03447
GCT	TCT	GT	-0.50207	0.01356	0.01044	0.50207	0.00821	0.01044	0.00522	0.00522
GCT	CCT	GC	-0.83544	0.02661	0.01702	0.83544	0.01154	0.01702	0.00851	0.00851
GCT	ACT	GA	-1.19180	0.08237	0.04281	1.19180	0.02501	0.04281	0.02141	0.02141
GCT	GTT	CT	-0.25825	0.03348	0.02934	0.25825	0.02586	0.02934	0.01467	0.01467
GCC	TCC	GT	-0.20304	0.01539	0.01388	0.20304	0.01256	0.01388	0.00694	0.00694
GCC	CCC	GC	-1.09287	0.03021	0.01665	1.09287	0.01013	0.01665	0.00833	0.00833
GCC	ACC	GA	-0.77566	0.09354	0.06190	0.77566	0.04306	0.06190	0.03095	0.03095
GCC	GTC	CT	0.34010	0.03802	0.04485	-0.34010	0.05342	0.04485	0.02242	0.02242
GCC	GCT	CT	0.54724	0.03802	0.04936	-0.54724	0.06571	0.04936	0.04936	0.04936
GCA	TCA	GT	-0.18242	0.00831	0.00757	0.18242	0.00692	0.00757	0.00379	0.00379
GCA	CCA	GC	-0.58303	0.01631	0.01201	0.58303	0.00910	0.01201	0.00601	0.00601
GCA	ACA	GA	-0.38036	0.05049	0.04149	0.38036	0.03451	0.04149	0.02075	0.02075
GCA	GTA	CT	-0.11837	0.02052	0.01933	0.11837	0.01823	0.01933	0.00967	0.00967
GCA	GCT	AT	1.38985	0.00831	0.01538	-1.38985	0.03335	0.01538	0.01538	0.01538
GCA	GCC	AC	0.84260	0.01631	0.02413	-0.84260	0.03787	0.02413	0.02413	0.02413
GCG	TCG	GT	0.69263	0.00192	0.00267	-0.69263	0.00385	0.00267	0.00133	0.00133
GCG	CCG	GC	-0.29183	0.00378	0.00325	0.29183	0.00282	0.00325	0.00163	0.00163
GCG	ACG	GA	0.26233	0.01169	0.01329	-0.26233	0.01520	0.01329	0.00665	0.00665
GCG	GTG	CT	3.09669	0.00475	0.01541	-3.09669	0.10514	0.01541	0.00771	0.00771
GCG	GCT	GT	2.33486	0.00192	0.00497	-2.33486	0.01987	0.00497	0.00497	0.00497
GCG	GCC	GC	1.78761	0.00378	0.00811	-1.78761	0.02256	0.00811	0.00811	0.00811
GCG	GCA	GA	0.94501	0.01169	0.01807	-0.94501	0.03008	0.01807	0.01807	0.01807
GAT	TAT	GT	-0.49541	0.01452	0.01122	0.49541	0.00885	0.01122	0.00561	0.00561
GAT	CAT	GC	-1.39648	0.02849	0.01309	1.39648	0.00705	0.01309	0.00654	0.00654
GAT	AAT	GA	-0.52995	0.08822	0.06690	0.52995	0.05193	0.06690	0.03345	0.03345
GAT	GTT	AT	-0.10081	0.01452	0.01380	0.10081	0.01313	0.01380	0.00690	0.00690
GAT	GCT	AC	0.15744	0.02849	0.03080	-0.15744	0.03335	0.03080	0.01540	0.01540
GAC	TAC	GT	-0.49873	0.02449	0.01889	0.49873	0.01487	0.01889	0.00944	0.00944
GAC	CAC	GC	-1.13083	0.04806	0.02590	1.13083	0.01551	0.02590	0.01295	0.01295
GAC	AAC	GA	-1.37349	0.14881	0.06930	1.37349	0.03768	0.06930	0.03465	0.03465
GAC	GTC	AT	0.10179	0.02449	0.02576	-0.10179	0.02711	0.02576	0.01288	0.01288
GAC	GCC	AC	-0.23831	0.04806	0.04256	0.23831	0.03787	0.04256	0.02128	0.02128
GAC	GAT	CT	0.15150	0.06048	0.06518	-0.15150	0.07038	0.06518	0.06518	0.06518
GAA	CAA	GC	-1.26865	0.05699	0.02828	1.26865	0.01603	0.02828	0.01414	0.01414
GAA	AAA	GA	-0.73571	0.17644	0.11942	0.73571	0.08454	0.11942	0.05971	0.05971
GAA	GTA	AT	-1.14364	0.02904	0.01553	1.14364	0.00925	0.01553	0.00777	0.00777
GAA	GCA	AC	-1.02526	0.05699	0.03268	1.02526	0.02044	0.03268	0.01634	0.01634
GAA	GAT	AT	0.20715	0.02904	0.03215	-0.20715	0.03572	0.03215	0.01607	0.01607
GAA	GAC	AC	0.05565	0.05699	0.05859	-0.05565	0.06025	0.05859	0.02929	0.02929
GAG	CAG	GC	-0.46485	0.07347	0.05771	0.46485	0.04615	0.05771	0.02885	0.02885
GAG	AAG	GA	-0.66075	0.22746	0.16053	0.66075	0.11748	0.16053	0.08026	0.08026
GAG	GTG	AT	0.35461	0.03743	0.04446	-0.35461	0.05336	0.04446	0.02223	0.02223
GAG	GCG	AC	-2.74208	0.07347	0.01387	2.74208	0.00473	0.01387	0.00694	0.00694
GAG	GAT	GT	-0.56466	0.03743	0.02785	0.56466	0.02128	0.02785	0.01393	0.01393
GAG	GAC	GC	-0.71616	0.07347	0.05027	0.71616	0.03590	0.05027	0.02514	0.02514
GAG	GAA	GA	-0.77182	0.22746	0.15086	0.77182	0.10513	0.15086	0.15086	0.15086
GGT	TGT	GT	-0.13972	0.00516	0.00481	0.13972	0.00449	0.00481	0.00240	0.00240
GGT	CGT	GC	-1.27832	0.01013	0.00500	1.27832	0.00282	0.00500	0.00250	0.00250
GGT	AGT	GA	-0.12946	0.03136	0.02937	0.12946	0.02755	0.02937	0.01468	0.01468
GGT	GTT	GT	0.41581	0.00516	0.00631	-0.41581	0.00782	0.00631	0.00315	0.00315
GGT	GCT	GC	0.67406	0.01013	0.01392	-0.67406	0.01987	0.01392	0.00696	0.00696
GGT	GAT	GA	0.51662	0.03136	0.04015	-0.51662	0.05256	0.04015	0.02007	0.02007
GGC	TGC	GT	-0.16703	0.01076	0.00988	0.16703	0.00910	0.00988	0.00494	0.00494
GGC	CGC	GC	-1.23281	0.02111	0.01071	1.23281	0.00615	0.01071	0.00535	0.00535
GGC	AGC	GA	-0.29957	0.06537	0.05607	0.29957	0.04845	0.05607	0.02803	0.02803
GGC	GTC	GT	0.40657	0.01076	0.01309	-0.40657	0.01615	0.01309	0.00655	0.00655
GGC	GCC	GC	0.06647	0.02111	0.02182	-0.06647	0.02256	0.02182	0.01091	0.01091
GGC	GAC	GA	0.30478	0.06537	0.07583	-0.30478	0.08866	0.07583	0.03792	0.03792
GGC	GGT	CT	-0.06035	0.02657	0.02578	0.06035	0.02501	0.02578	0.02578	0.02578
GGA	CGA	GC	-1.31711	0.01579	0.00761	1.31711	0.00423	0.00761	0.00381	0.00381
GGA	AGA	GA	-0.14178	0.04889	0.04551	0.14178	0.04243	0.04551	0.02275	0.02275
GGA	GTA	GT	-0.37812	0.00805	0.00662	0.37812	0.00551	0.00662	0.00331	0.00331
GGA	GCA	GC	-0.25974	0.01579	0.01383	0.25974	0.01218	0.01383	0.00691	0.00691
GGA	GAA	GA	0.76552	0.04889	0.06997	-0.76552	0.10513	0.06997	0.03499	0.03499
GGA	GGT	AT	0.45605	0.00805	0.01002	-0.45605	0.01270	0.01002	0.01002	0.01002
GGA	GGC	AC	0.51639	0.01579	0.02022	-0.51639	0.02647	0.02022	0.02022	0.02022
GGG	TGG	GT	-0.42068	0.00840	0.00675	0.42068	0.00551	0.00675	0.00338	0.00338
GGG	CGG	GC	-0.17405	0.01648	0.01509	0.17405	0.01385	0.01509	0.00754	0.00754
GGG	AGG	GA	-0.66333	0.05102	0.03595	0.66333	0.02628	0.03595	0.01798	0.01798
GGG	GTG	GT	1.33155	0.00840	0.01519	-1.33155	0.03179	0.01519	0.00760	0.00760
GGG	GCG	GC	-1.76514	0.01648	0.00601	1.76514	0.00282	0.00601	0.00300	0.00300
GGG	GAG	GA	0.97695	0.05102	0.07994	-0.97695	0.13552	0.07994	0.03997	0.03997
GGG	GGT	GT	-0.10434	0.00840	0.00797	0.10434	0.00756	0.00797	0.00797	0.00797
GGG	GGC	GC	-0.04399	0.01648	0.01612	0.04399	0.01577	0.01612	0.01612	0.01612
GGG	GGA	GA	-0.56039	0.05102	0.03805	0.56039	0.02913	0.03805	0.03805	0.03805


Histograms
2Ns	FMut	FSub(CodonUsage)	FSubw(after w)

-3.43726	0.01155	0.00134	0.00106
-3.09354	0.00692	0.00117	0.00093
-2.74981	0.01932	0.00442	0.00617
-2.40608	0.01405	0.00400	0.00555
-2.06236	0.00664	0.00239	0.00190
-1.71863	0.05149	0.02316	0.02566
-1.37490	0.06800	0.03649	0.03758
-1.03118	0.11128	0.07303	0.06966
-0.68745	0.18491	0.14713	0.15232
-0.34373	0.13017	0.12587	0.10991
0.00000	0.14065	0.16201	0.17854
0.34373	0.09255	0.12587	0.10991
0.68745	0.09183	0.14713	0.15232
1.03118	0.03943	0.07303	0.06966
1.37490	0.01719	0.03649	0.03758
1.71863	0.00981	0.02316	0.02566
2.06236	0.00090	0.00239	0.00190
2.40608	0.00133	0.00400	0.00555
2.74981	0.00133	0.00442	0.00617
3.09354	0.00031	0.00117	0.00093
3.43726	0.00031	0.00134	0.00106

Proportion of advantageous (S > 0) mutations:
 0.32193

Proportions of good & bad mutations (|S| > 2.0000) among mutations:
0.00351  0.05374

mean |Ns| = 0.83162	mean Ns+ = 0.59777	mean Ns- = -0.94265

