

TREE # 1

  0  0.0000  15944.319122  x:  0.04976   0.09998   0.01806   0.08050   0.05121   0.06449   0.06171   0.09495   0.04939   0.05110   0.06975   0.04595   0.06176   0.05496   0.01773   0.06436   0.06732   0.02035   0.06138   0.01814   0.04771   0.48717   0.56263   0.42377   0.50958   0.55696   0.45739  
  1 99.0000  13154.161426  x:  1.04127   0.28933   0.53019   0.06236   0.00000   0.00497   0.01002   0.04194   0.07696   0.18517   0.19712   0.35444   0.07320   0.05964   0.71509   0.35021   0.38347   0.60059   0.29440   1.01524   0.68859   0.67070   0.54283   0.43045   0.54214   0.48794   0.45728  
  2 16498.9386  13132.118241  x:  1.04828   0.29060   0.53351   0.06219   0.01556   0.00592   0.01041   0.04159   0.07711   0.18582   0.19789   0.35642   0.07321   0.05956   0.71965   0.35221   0.38564   0.60439   0.29587   1.02198   0.69293   0.67287   0.54253   0.43058   0.54253   0.48667   0.45722  
  3 17289.9825  13042.412952  x:  1.08807   0.28985   0.52177   0.04418   0.01357   0.11403   0.08349   0.00692   0.06387   0.15900   0.18862   0.34587   0.06582   0.04752   0.70677   0.36109   0.39087   0.59374   0.28460   1.02817   0.69745   0.77471   0.52423   0.43996   0.56118   0.39856   0.45062  
  4 1601.4721  12908.405665  x:  1.15903   0.28718   0.49447   0.02472   0.00966   0.17922   0.11710   0.11492   0.04886   0.10560   0.17042   0.32313   0.05839   0.03515   0.67477   0.37628   0.39918   0.56740   0.26087   1.03103   0.70044   0.96295   0.48842   0.45762   0.59752   0.22360   0.43716  
  5 2893.9789  12829.478584  x:  1.20742   0.28767   0.47241   0.05830   0.01032   0.15853   0.08623   0.08518   0.07443   0.07012   0.16188   0.30766   0.06683   0.05221   0.64591   0.38740   0.40710   0.54425   0.24533   1.02274   0.69847   1.07889   0.46256   0.46666   0.62512   0.15136   0.42627  
  6 1590.3388  12650.786645  x:  1.31461   0.29252   0.42604   0.04752   0.01177   0.12658   0.03381   0.05217   0.06980   0.00000   0.14816   0.27673   0.06425   0.05205   0.58295   0.41374   0.42788   0.49454   0.21527   1.00111   0.69500   1.32532   0.40611   0.48358   0.68663   0.18065   0.40208  
  7 2035.5056  12503.402940  x:  1.46856   0.30556   0.37249   0.03202   0.01496   0.02187   0.04615   0.00607   0.05052   0.14667   0.16625   0.25086   0.05649   0.04012   0.46849   0.45236   0.46340   0.41104   0.18725   0.94629   0.67184   1.65487   0.33668   0.52227   0.76110   0.19694   0.36175  
  8 1652.5566  12472.767720  x:  1.52989   0.31112   0.35440   0.07327   0.01402   0.02264   0.06424   0.02029   0.08147   0.19712   0.17638   0.24943   0.06877   0.06090   0.42555   0.46404   0.47837   0.38299   0.18723   0.92297   0.66213   1.76021   0.32024   0.53706   0.78481   0.23203   0.34596  
  9 1656.4060  12452.399345  x:  1.60061   0.30956   0.33825   0.07141   0.01350   0.05255   0.01959   0.01986   0.08388   0.22581   0.18701   0.28129   0.07145   0.06351   0.38053   0.45411   0.49106   0.36933   0.23168   0.88557   0.64086   1.79569   0.36173   0.56148   0.78239   0.23410   0.32810  
 10 344.7384  12418.202891  x:  1.81027   0.29672   0.29329   0.06631   0.01407   0.01960   0.05416   0.01719   0.09476   0.20451   0.19788   0.37172   0.07032   0.06624   0.27185   0.41222   0.52069   0.34457   0.35204   0.78141   0.58120   1.84320   0.49310   0.62952   0.76727   0.23663   0.28364  
 11 610.6164  12397.027638  x:  2.04514   0.26150   0.28979   0.09736   0.01385   0.02428   0.05289   0.01897   0.07870   0.20451   0.19795   0.35897   0.04035   0.03828   0.27344   0.38972   0.52302   0.30284   0.29448   0.66099   0.51395   1.79445   0.53929   0.69347   0.78275   0.23586   0.30347  
 12 196.9398  12377.625773  x:  2.29018   0.22354   0.28735   0.10033   0.01392   0.02852   0.05415   0.02000   0.04906   0.20613   0.19678   0.34027   0.06428   0.05480   0.27891   0.36866   0.52370   0.26308   0.23089   0.53214   0.44270   1.74119   0.58379   0.76006   0.80160   0.23290   0.33233  
 13 1950.6530  12369.157478  x:  2.40687   0.20452   0.28478   0.06160   0.01389   0.03056   0.05398   0.02066   0.09659   0.21120   0.19374   0.31334   0.06462   0.05420   0.27848   0.37033   0.52054   0.27037   0.21890   0.45456   0.40863   1.71416   0.59366   0.79192   0.82457   0.22968   0.37751  
 14 354.1650  12363.858371  x:  2.47546   0.19545   0.27111   0.07144   0.01387   0.03150   0.05506   0.02142   0.07895   0.21292   0.19205   0.28651   0.05496   0.06190   0.26523   0.38322   0.51469   0.30219   0.25010   0.39168   0.40417   1.69573   0.58531   0.81254   0.86185   0.22691   0.45262  
 15 153.6087  12362.531346  x:  2.49102   0.19496   0.26538   0.07528   0.01384   0.03147   0.05536   0.02153   0.07752   0.21263   0.19259   0.29005   0.06763   0.04748   0.26040   0.38459   0.51275   0.30053   0.25497   0.37687   0.41257   1.69063   0.58460   0.81966   0.87556   0.22623   0.48241  
 16 124.0759  12359.250452  x:  2.52668   0.19974   0.24870   0.07118   0.01383   0.03158   0.05633   0.02197   0.07872   0.21270   0.19590   0.32691   0.05942   0.05392   0.24706   0.37816   0.50755   0.26346   0.25221   0.34376   0.45947   1.67719   0.59234   0.84555   0.92029   0.22389   0.58534  
 17 127.0938  12358.082647  x:  2.52262   0.21800   0.27406   0.07531   0.01387   0.02927   0.05637   0.02143   0.07757   0.21282   0.19347   0.31472   0.05925   0.05349   0.24938   0.35910   0.51392   0.26157   0.24375   0.33072   0.47003   1.69487   0.63674   0.87615   0.93682   0.22643   0.63439  
 18 33.0537  12357.297987  x:  2.51357   0.21311   0.26577   0.07890   0.01391   0.02683   0.05666   0.02090   0.07720   0.21327   0.20604   0.31171   0.05866   0.05366   0.26449   0.37119   0.50541   0.26714   0.23246   0.33043   0.46889   1.71084   0.68089   0.90966   0.95221   0.22947   0.66364  
 19 36.7947  12356.815720  x:  2.51019   0.20567   0.25955   0.08050   0.01393   0.02623   0.05617   0.02063   0.07754   0.21763   0.18737   0.30749   0.05884   0.05386   0.26045   0.37594   0.50035   0.26958   0.22736   0.34565   0.46613   1.71187   0.70154   0.93616   0.97255   0.23196   0.67310  
 20 25.7095  12355.081618  x:  2.48580   0.20821   0.27379   0.07903   0.01399   0.02471   0.05639   0.02062   0.07716   0.21193   0.19578   0.30860   0.05905   0.05377   0.26022   0.38454   0.51408   0.25623   0.23794   0.38682   0.42121   1.69916   0.71948   1.04319   1.09824   0.23249   0.67222  
 21 24.7494  12354.154651  x:  2.47338   0.21081   0.26358   0.07799   0.01401   0.02416   0.05537   0.02059   0.07784   0.21332   0.19795   0.31874   0.05937   0.05406   0.26740   0.36021   0.51686   0.27934   0.22920   0.38438   0.42658   1.69897   0.71892   1.09108   1.15235   0.23313   0.65477  
 22 30.7712  12351.894483  x:  2.45146   0.21406   0.27666   0.07224   0.01408   0.02301   0.05424   0.02110   0.07915   0.20908   0.20302   0.30126   0.06098   0.05471   0.26003   0.38206   0.51169   0.28950   0.22568   0.34608   0.50728   1.68959   0.72799   1.18039   1.22733   0.23149   0.58810  
 23 28.2850  12350.645641  x:  2.44119   0.21399   0.28169   0.07183   0.01413   0.02094   0.05331   0.02096   0.07940   0.21110   0.18010   0.30591   0.06139   0.05471   0.29053   0.38915   0.50622   0.27927   0.24331   0.32340   0.52067   1.70145   0.72230   1.20348   1.24114   0.23243   0.57348  
 24 24.3201  12333.098454  x:  2.43050   0.22044   0.27525   0.05903   0.01461   0.00536   0.03901   0.02000   0.08108   0.20029   0.19760   0.28981   0.06313   0.05472   0.27610   0.36566   0.46913   0.26872   0.27023   0.34774   0.52060   1.80368   0.63805   1.24354   1.15890   0.24028   0.62074  
 25  9.7373  12330.684025  x:  2.42441   0.25409   0.26827   0.05698   0.01466   0.00376   0.03691   0.02058   0.07902   0.19715   0.18346   0.30994   0.06216   0.05459   0.26608   0.39548   0.49622   0.28361   0.25127   0.33817   0.50782   1.81664   0.63275   1.23397   1.15061   0.23893   0.62941  
 26 54.1955  12329.685285  x:  2.42719   0.26931   0.24024   0.05430   0.01464   0.00394   0.03683   0.02138   0.07939   0.20051   0.18371   0.28950   0.06267   0.05405   0.27552   0.39294   0.51974   0.27381   0.25471   0.34157   0.51150   1.81704   0.65159   1.19729   1.16999   0.23710   0.62704  
 27 18.7542  12326.003231  x:  2.42901   0.22555   0.25460   0.05087   0.01465   0.00315   0.03597   0.02338   0.07646   0.20983   0.18547   0.28899   0.06227   0.05283   0.27639   0.39001   0.52812   0.27646   0.24412   0.33179   0.50940   1.84718   0.72968   1.00780   1.28868   0.23336   0.61950  
 28 31.7262  12312.556536  x:  2.43208   0.38998   0.25794   0.03534   0.01467   0.00763   0.02116   0.02586   0.07370   0.20396   0.17858   0.30831   0.06294   0.05237   0.25702   0.41365   0.34945   0.29126   0.23821   0.34815   0.47401   1.94652   0.71293   0.88691   1.31987   0.23529   0.64607  
 29  5.2432  12303.666991  x:  2.38184   0.24204   0.26789   0.02871   0.01472   0.00968   0.01105   0.02624   0.07137   0.19483   0.17727   0.31835   0.06289   0.05241   0.24757   0.42018   0.53448   0.30120   0.23261   0.33768   0.48806   2.01645   0.65773   0.89802   1.26178   0.23965   0.70473  
 30 26.4202  12275.760501  x:  2.28163   0.11177   0.29369   0.05654   0.01467   0.01332   0.02919   0.02213   0.05170   0.08487   0.19167   0.30519   0.06537   0.05177   0.23743   0.43439   0.66244   0.30281   0.24995   0.33421   0.51241   2.27611   0.52124   1.05386   1.21002   0.26652   0.98637  
 31  0.4333  12264.778439  x:  2.27551   0.23137   0.29072   0.05639   0.01486   0.01192   0.02146   0.01950   0.06077   0.03834   0.19811   0.27040   0.06719   0.05211   0.25125   0.42314   0.50023   0.28364   0.26109   0.33048   0.52158   2.42351   0.54617   1.25231   1.31374   0.28264   1.11507  
 32  0.7611  12258.407010  x:  2.24911   0.22848   0.29288   0.03952   0.01491   0.01319   0.02330   0.02411   0.07469   0.05875   0.18139   0.26946   0.06526   0.05277   0.26851   0.42614   0.49254   0.28109   0.23226   0.29287   0.53026   2.55592   0.70459   1.35711   1.51756   0.29101   1.24986  
 33  0.3832  12253.540646  x:  2.18877   0.24898   0.27482   0.04779   0.01513   0.01433   0.01601   0.02588   0.06968   0.06780   0.17760   0.27798   0.06095   0.05280   0.26276   0.41286   0.48291   0.26790   0.22186   0.28389   0.51846   2.73345   0.66818   1.30138   1.67149   0.29514   1.39372  
 34  0.1835  12251.062491  x:  2.09806   0.23020   0.28194   0.03482   0.01542   0.01512   0.01971   0.02858   0.07058   0.05522   0.18279   0.28022   0.06132   0.05313   0.25604   0.41098   0.50486   0.27146   0.22795   0.29667   0.51749   2.82128   0.64534   1.36282   1.75973   0.29523   1.51278  
 35  0.2272  12247.212475  x:  1.93790   0.21730   0.29344   0.05052   0.01601   0.01652   0.02125   0.02757   0.06458   0.05872   0.18714   0.27392   0.06491   0.05346   0.24111   0.42594   0.51952   0.28598   0.23797   0.28540   0.53473   2.92138   0.72132   1.56557   2.02646   0.29455   1.72224  
 36  0.2800  12243.003032  x:  1.85117   0.26532   0.27234   0.04544   0.01702   0.01576   0.02149   0.02523   0.07328   0.07826   0.18324   0.26883   0.06658   0.05370   0.24799   0.41728   0.45957   0.26251   0.24103   0.24884   0.52603   2.87209   0.70010   1.75135   2.23219   0.28379   1.91155  
 37  0.1785  12240.098059  x:  1.74237   0.24727   0.26413   0.04571   0.01794   0.01484   0.02162   0.02188   0.07168   0.06568   0.17802   0.27470   0.06405   0.05360   0.25210   0.41151   0.47734   0.25558   0.22822   0.29130   0.49205   2.72911   0.72186   1.75191   2.27585   0.27862   2.03654  
 38  0.1240  12236.500683  x:  1.68284   0.22565   0.27328   0.04399   0.01900   0.01341   0.02089   0.01946   0.06375   0.05014   0.18440   0.26936   0.06090   0.05335   0.23982   0.40355   0.48746   0.26073   0.22424   0.23708   0.54185   2.53110   0.73815   1.61235   2.18289   0.28229   2.15425  
 39  0.1610  12233.830426  x:  1.60268   0.26686   0.27425   0.04166   0.01968   0.01210   0.01918   0.02088   0.06328   0.06659   0.18684   0.26500   0.06162   0.05188   0.23440   0.39990   0.44621   0.26261   0.24073   0.24899   0.53532   2.44644   0.73137   1.42196   2.03814   0.29425   2.25681  
 40  0.2548  12232.772709  x:  1.57469   0.25684   0.26732   0.04337   0.01989   0.01288   0.02038   0.02203   0.06931   0.06652   0.18097   0.26936   0.06337   0.05142   0.23704   0.40682   0.46267   0.25814   0.23537   0.23415   0.52190   2.47723   0.72911   1.35241   1.97606   0.30285   2.36046  
 41  0.1545  12232.290534  x:  1.56323   0.25578   0.26433   0.04419   0.02002   0.01310   0.02020   0.02411   0.06735   0.06552   0.18028   0.26593   0.06452   0.05241   0.24090   0.40488   0.44157   0.25197   0.23046   0.23699   0.51526   2.49143   0.71897   1.40556   1.90493   0.30759   2.43442  
 42  0.0831  12231.965303  x:  1.56323   0.25169   0.26161   0.04511   0.02007   0.01332   0.02075   0.02506   0.06790   0.06513   0.18282   0.26562   0.06446   0.05338   0.23687   0.40227   0.45427   0.25270   0.22962   0.23783   0.52313   2.45063   0.68917   1.36142   1.73253   0.30871   2.46189  
 43  0.1223  12231.857669  x:  1.54851   0.25615   0.26622   0.04509   0.02011   0.01374   0.02048   0.02515   0.06822   0.06463   0.18191   0.26670   0.06414   0.05317   0.23667   0.40306   0.45219   0.25574   0.23258   0.23388   0.52613   2.46429   0.67850   1.35593   1.69421   0.30696   2.49823  
 44  0.0424  12231.810540  x:  1.56153   0.25614   0.26533   0.04468   0.02008   0.01391   0.02022   0.02468   0.06841   0.06491   0.18171   0.26593   0.06390   0.05283   0.23619   0.40278   0.45070   0.25471   0.23291   0.23522   0.52016   2.46433   0.67795   1.33647   1.66880   0.30489   2.50388  
 45  0.0278  12231.796832  x:  1.55553   0.25525   0.26374   0.04452   0.02013   0.01400   0.02020   0.02426   0.06833   0.06545   0.18194   0.26626   0.06394   0.05281   0.23733   0.40261   0.45119   0.25380   0.23213   0.23552   0.52207   2.46501   0.68089   1.33549   1.67435   0.30424   2.52041  
 46  0.0161  12231.783815  x:  1.55665   0.25589   0.26418   0.04459   0.02016   0.01422   0.02045   0.02383   0.06760   0.06576   0.18149   0.26669   0.06417   0.05299   0.23616   0.40330   0.44976   0.25464   0.23047   0.23501   0.52294   2.46495   0.67932   1.33645   1.66387   0.30489   2.55028  
 47  0.0097  12231.764984  x:  1.55845   0.25343   0.26471   0.04432   0.02021   0.01447   0.02043   0.02333   0.06779   0.06607   0.18223   0.26521   0.06420   0.05273   0.23730   0.40216   0.45127   0.25430   0.23266   0.23486   0.52316   2.47011   0.67626   1.33832   1.66426   0.30586   2.60086  
 48  0.0192  12231.724384  x:  1.55818   0.26046   0.26281   0.04405   0.02035   0.01489   0.02029   0.02338   0.06784   0.06501   0.18187   0.26741   0.06331   0.05202   0.23757   0.40254   0.45002   0.25384   0.23346   0.23304   0.52294   2.46797   0.67953   1.34310   1.67600   0.30610   2.74284  
 49  0.0373  12231.616564  x:  1.56084   0.25243   0.26569   0.04418   0.02072   0.01575   0.01970   0.02438   0.06878   0.06538   0.18167   0.26612   0.06280   0.05247   0.23515   0.40169   0.45164   0.25327   0.23169   0.23110   0.52775   2.45773   0.68420   1.34494   1.68078   0.30487   3.14968  
 50  0.0988  12231.536136  x:  1.57185   0.25660   0.26382   0.04496   0.02093   0.01605   0.02021   0.02453   0.06741   0.06607   0.18241   0.26539   0.06444   0.05331   0.23909   0.40327   0.45051   0.25516   0.23246   0.22928   0.52883   2.45832   0.68405   1.33870   1.69995   0.30254   3.47693  
 51  0.1517  12231.432532  x:  1.56687   0.25812   0.26412   0.04387   0.02145   0.01541   0.02037   0.02402   0.07022   0.06443   0.18261   0.26834   0.06572   0.05312   0.23516   0.40331   0.44492   0.25456   0.23420   0.22752   0.52995   2.45486   0.68014   1.32968   1.69305   0.30258   4.10004  
 52  0.1482  12231.265840  x:  1.57266   0.25425   0.26614   0.04415   0.02211   0.01417   0.02039   0.02433   0.06776   0.06443   0.18122   0.26498   0.06434   0.05266   0.23830   0.40308   0.45553   0.25388   0.23213   0.22120   0.53573   2.46803   0.68123   1.33221   1.66709   0.30272   5.15888  
 53  0.3824  12231.231508  x:  1.57845   0.25549   0.26486   0.04464   0.02232   0.01387   0.02030   0.02381   0.06788   0.06599   0.18249   0.26719   0.06385   0.05294   0.23720   0.40355   0.45290   0.25546   0.23182   0.22308   0.53454   2.47538   0.68171   1.34581   1.68488   0.30199   5.60445  
 54  0.3346  12231.209839  x:  1.57703   0.25674   0.26443   0.04475   0.02276   0.01401   0.02025   0.02364   0.06805   0.06591   0.18179   0.26667   0.06403   0.05275   0.23771   0.40411   0.44960   0.25484   0.23283   0.21951   0.53734   2.46602   0.67969   1.33493   1.67119   0.30206   6.44184  
 55  0.2717  12231.188227  x:  1.57654   0.25546   0.26522   0.04452   0.02292   0.01429   0.02035   0.02399   0.06793   0.06528   0.18215   0.26621   0.06408   0.05274   0.23706   0.40377   0.45370   0.25489   0.23209   0.22152   0.53592   2.47283   0.68168   1.33943   1.68186   0.30204   7.24344  
 56  0.3342  12231.155243  x:  1.58495   0.25483   0.26504   0.04417   0.02290   0.01425   0.02024   0.02396   0.06820   0.06619   0.18302   0.26812   0.06396   0.05313   0.23782   0.40240   0.45273   0.25502   0.23190   0.21618   0.54073   2.47385   0.68379   1.34969   1.68923   0.30121   8.76677  
 57  0.3870  12231.044879  x:  1.57744   0.25820   0.26443   0.04478   0.02127   0.01366   0.02004   0.02353   0.06774   0.06606   0.18027   0.26647   0.06414   0.05313   0.23910   0.40355   0.44696   0.25512   0.23345   0.21793   0.53928   2.45689   0.68034   1.33264   1.66557   0.30155  12.72518  
 58  0.7903  12230.984257  x:  1.57929   0.25723   0.26416   0.04460   0.02023   0.01411   0.02025   0.02397   0.06809   0.06579   0.18223   0.26589   0.06423   0.05279   0.23643   0.40393   0.45195   0.25480   0.23258   0.21281   0.54311   2.47036   0.68177   1.33785   1.68022   0.30094  15.70307  
 59  2.1417  12230.977088  x:  1.58062   0.25580   0.26490   0.04446   0.01991   0.01420   0.02029   0.02416   0.06826   0.06557   0.18244   0.26707   0.06406   0.05282   0.23753   0.40365   0.45259   0.25489   0.23218   0.21373   0.54271   2.47007   0.68165   1.33883   1.67692   0.30107  16.71896  
 60  0.9082  12230.968696  x:  1.57965   0.25632   0.26403   0.04432   0.01976   0.01410   0.02032   0.02411   0.06815   0.06606   0.18140   0.26603   0.06381   0.05303   0.23745   0.40356   0.45107   0.25497   0.23248   0.21285   0.54309   2.46580   0.68318   1.34211   1.68566   0.30074  20.69616  
 61  0.7635  12230.951765  x:  1.58193   0.25703   0.26484   0.04463   0.02029   0.01415   0.02029   0.02411   0.06816   0.06546   0.18302   0.26693   0.06414   0.05271   0.23727   0.40358   0.45138   0.25481   0.23254   0.21177   0.54515   2.47044   0.68117   1.33377   1.67064   0.30090  28.82964  
 62  2.1138  12230.943849  x:  1.58248   0.25543   0.26473   0.04438   0.02028   0.01418   0.02031   0.02404   0.06828   0.06587   0.18175   0.26685   0.06404   0.05288   0.23739   0.40396   0.45340   0.25498   0.23214   0.21128   0.54420   2.47017   0.68219   1.34311   1.68384   0.30053  37.15059  
 63  3.5679  12230.937019  x:  1.58250   0.25698   0.26432   0.04445   0.02010   0.01412   0.02022   0.02413   0.06808   0.06571   0.18265   0.26643   0.06400   0.05293   0.23731   0.40347   0.45103   0.25493   0.23250   0.21058   0.54613   2.46949   0.68278   1.33726   1.67715   0.30069  52.95342  
 64  4.9291  12230.932503  x:  1.58254   0.25610   0.26502   0.04452   0.02024   0.01418   0.02033   0.02405   0.06828   0.06569   0.18212   0.26705   0.06414   0.05273   0.23738   0.40391   0.45288   0.25482   0.23231   0.21076   0.54502   2.46939   0.68121   1.33877   1.67735   0.30048  71.72788  
 65  6.8734  12230.929492  x:  1.58359   0.25622   0.26440   0.04442   0.02018   0.01414   0.02027   0.02410   0.06818   0.06577   0.18223   0.26664   0.06399   0.05293   0.23738   0.40373   0.45205   0.25506   0.23238   0.20964   0.54653   2.47054   0.68281   1.33985   1.68001   0.30050  100.61709  
 66 10.3795  12230.927429  x:  1.58247   0.25665   0.26464   0.04447   0.02019   0.01415   0.02028   0.02409   0.06817   0.06574   0.18252   0.26664   0.06405   0.05285   0.23730   0.40362   0.45186   0.25483   0.23237   0.21067   0.54553   2.46931   0.68208   1.33825   1.67793   0.30056  136.84396  
 67 13.5636  12230.925970  x:  1.58347   0.25634   0.26485   0.04449   0.02019   0.01417   0.02030   0.02407   0.06823   0.06570   0.18218   0.26693   0.06409   0.05279   0.23742   0.40385   0.45243   0.25487   0.23239   0.20957   0.54643   2.46946   0.68174   1.33840   1.67740   0.30035  184.97820  
 68 24.4616  12230.924849  x:  1.58342   0.25615   0.26434   0.04442   0.02019   0.01415   0.02027   0.02410   0.06819   0.06577   0.18227   0.26664   0.06401   0.05293   0.23732   0.40374   0.45217   0.25508   0.23238   0.20983   0.54627   2.47078   0.68275   1.34004   1.67989   0.30056  265.60292  
 69 26.2716  12230.924017  x:  1.58327   0.25661   0.26488   0.04448   0.02019   0.01415   0.02029   0.02407   0.06819   0.06572   0.18237   0.26679   0.06406   0.05281   0.23740   0.40372   0.45211   0.25480   0.23234   0.20964   0.54639   2.46904   0.68193   1.33810   1.67790   0.30034  372.49337  
 70 40.8375  12230.923466  x:  1.58360   0.25614   0.26448   0.04447   0.02019   0.01416   0.02028   0.02410   0.06823   0.06573   0.18214   0.26683   0.06407   0.05286   0.23734   0.40385   0.45241   0.25503   0.23246   0.20970   0.54644   2.47048   0.68210   1.33933   1.67789   0.30049  533.33596  
 71 51.6551  12230.923089  x:  1.58330   0.25646   0.26474   0.04445   0.02019   0.01415   0.02028   0.02408   0.06818   0.06574   0.18240   0.26671   0.06403   0.05286   0.23738   0.40369   0.45208   0.25490   0.23230   0.20954   0.54639   2.46955   0.68242   1.33880   1.67931   0.30040  728.80795  
 72 76.9688  12230.922809  x:  1.58355   0.25642   0.26465   0.04447   0.02019   0.01416   0.02029   0.02409   0.06821   0.06574   0.18224   0.26680   0.06407   0.05283   0.23737   0.40379   0.45223   0.25488   0.23242   0.20964   0.54653   2.46979   0.68195   1.33874   1.67765   0.30039  999.00000  
 73 108.6707  12230.922790  x:  1.58344   0.25637   0.26466   0.04447   0.02019   0.01415   0.02028   0.02408   0.06820   0.06573   0.18229   0.26678   0.06405   0.05285   0.23737   0.40376   0.45221   0.25493   0.23238   0.20962   0.54644   2.46982   0.68216   1.33886   1.67835   0.30042  999.00000  
 74  0.0008  12230.922790  x:  1.58345   0.25637   0.26466   0.04446   0.02019   0.01416   0.02028   0.02408   0.06820   0.06573   0.18229   0.26677   0.06405   0.05285   0.23737   0.40376   0.45221   0.25492   0.23238   0.20961   0.54645   2.46983   0.68217   1.33888   1.67838   0.30042  999.00000  