

TREE # 1

  0  0.0000  12617.324223  x:  0.39940   0.15165   0.20001   0.00418   0.05975   0.06441   0.03415   0.04895   0.11653   0.00000   0.11312   0.08522   0.05522   0.02658   0.15753   0.21390   0.14363   0.10602   0.14881   0.43880   0.12569   0.29731   1.00000   0.77093   0.86001   1.13172   1.45445   0.10032   0.24088  
  1 99.0000  12415.539538  x:  0.41610   0.19107   0.22213   0.14227   0.01477   0.01144   0.00000   0.01503   0.09696   0.12489   0.14354   0.15861   0.06314   0.06113   0.18116   0.24807   0.19433   0.15720   0.17460   0.45416   0.16136   0.32679   1.03712   0.76717   0.86064   1.13278   1.45815   0.09720   0.15799  
  2 2938.6669  12391.542721  x:  0.41822   0.19606   0.22493   0.15974   0.00910   0.00475   0.00049   0.01075   0.09448   0.14071   0.14739   0.16790   0.06414   0.06550   0.18416   0.25241   0.20076   0.16369   0.17787   0.45611   0.16588   0.33053   1.04183   0.76669   0.86072   1.13292   1.45862   0.09681   0.14748  
  3 142046.0634  12359.284347  x:  0.42792   0.21047   0.22844   0.16989   0.02361   0.04266   0.00050   0.03318   0.07712   0.16032   0.15479   0.18903   0.06184   0.06454   0.19174   0.26502   0.22058   0.18121   0.18747   0.46550   0.18156   0.34485   1.06291   0.76441   0.86081   1.13366   1.45909   0.09654   0.11979  
  4 1843.0780  12270.480913  x:  0.46268   0.24769   0.22733   0.11375   0.02879   0.02698   0.00044   0.02854   0.00878   0.15946   0.16438   0.22924   0.04568   0.03368   0.20699   0.29769   0.27492   0.22125   0.21027   0.50092   0.22645   0.38976   1.13884   0.75587   0.86073   1.13657   1.45455   0.10122   0.10476  
  5 1165.9727  12178.685935  x:  0.53739   0.31745   0.22778   0.01862   0.02183   0.02543   0.00038   0.01900   0.08224   0.14844   0.17439   0.29715   0.06683   0.04236   0.22862   0.36011   0.38007   0.28803   0.24403   0.57828   0.30601   0.47483   1.30991   0.73544   0.86085   1.14319   1.43950   0.11614   0.13565  
  6 1342.4140  12163.202326  x:  0.55955   0.32731   0.22443   0.03687   0.02881   0.01160   0.00041   0.04326   0.08522   0.12676   0.17103   0.29906   0.06549   0.04513   0.22718   0.37062   0.39902   0.29084   0.24277   0.60196   0.31611   0.49096   1.36415   0.72735   0.86102   1.14591   1.43101   0.12439   0.15645  
  7 700.3026  12145.619259  x:  0.58805   0.33319   0.22017   0.06361   0.01025   0.02599   0.00043   0.03666   0.07748   0.09342   0.16465   0.29176   0.06253   0.05175   0.22197   0.38005   0.41595   0.28459   0.23457   0.63265   0.32015   0.50553   1.43699   0.71534   0.86152   1.14993   1.41774   0.13735   0.17096  
  8 1016.2981  12130.551286  x:  0.61527   0.33396   0.21916   0.08326   0.02805   0.02972   0.00038   0.01431   0.07562   0.06490   0.15924   0.27985   0.06372   0.06317   0.21635   0.38697   0.42716   0.27277   0.22278   0.66193   0.31693   0.51448   1.51023   0.70238   0.86254   1.15414   1.40359   0.15134   0.16107  
  9 1243.8598  12113.409449  x:  0.64895   0.32586   0.22766   0.08343   0.01798   0.02113   0.00037   0.02187   0.07911   0.04389   0.15648   0.25786   0.06798   0.07603   0.21010   0.39190   0.43214   0.24944   0.20287   0.69826   0.29943   0.51610   1.60814   0.68348   0.86516   1.15989   1.38216   0.17277   0.11721  
 10 892.3553  12082.908622  x:  0.71880   0.28582   0.28129   0.06969   0.02284   0.02459   0.00039   0.02386   0.07433   0.11422   0.17464   0.21784   0.04955   0.06556   0.20788   0.39153   0.42307   0.19776   0.16132   0.77507   0.22113   0.48953   1.83619   0.63518   0.87708   1.17266   1.31350   0.24138   0.12198  
 11 589.5859  12071.914275  x:  0.74164   0.24559   0.27900   0.06866   0.02374   0.02564   0.00040   0.02522   0.06361   0.12947   0.16866   0.22177   0.08983   0.05662   0.21408   0.36816   0.39689   0.21650   0.19517   0.80073   0.17508   0.46889   1.93559   0.61446   0.89036   1.17589   1.26985   0.28603   0.12286  
 12 351.1068  12066.527710  x:  0.74824   0.21958   0.26739   0.07190   0.02306   0.02549   0.00040   0.02378   0.07516   0.13192   0.16303   0.23188   0.06802   0.04294   0.21886   0.34987   0.37732   0.23054   0.21624   0.80832   0.16143   0.46451   1.98165   0.60676   0.90246   1.17525   1.24123   0.31599   0.11397  
 13 314.8108  12063.807653  x:  0.74783   0.20217   0.25547   0.06687   0.02330   0.02505   0.00040   0.02539   0.07173   0.13733   0.16130   0.24133   0.05448   0.06423   0.22059   0.33658   0.36286   0.23449   0.22229   0.80809   0.16337   0.46798   2.00676   0.60494   0.91573   1.17238   1.21624   0.34262   0.11364  
 14 227.6314  12059.577291  x:  0.73547   0.18293   0.23171   0.06686   0.02350   0.02548   0.00040   0.02599   0.07237   0.14955   0.16612   0.25241   0.06587   0.05391   0.21547   0.32078   0.34397   0.22233   0.20715   0.79458   0.19243   0.48881   2.04065   0.61136   0.95578   1.15977   1.15408   0.41034   0.10848  
 15 143.4260  12052.613565  x:  0.69501   0.21646   0.23424   0.06795   0.02371   0.02563   0.00041   0.02656   0.07303   0.14525   0.17220   0.22668   0.06375   0.05567   0.20455   0.32965   0.36307   0.23407   0.21810   0.74871   0.19360   0.48321   2.08206   0.63953   1.05978   1.12248   1.01352   0.56695   0.09669  
 16 133.7666  12051.373072  x:  0.68994   0.22004   0.24660   0.06939   0.02365   0.02566   0.00040   0.02638   0.07293   0.13341   0.17202   0.24144   0.06450   0.05594   0.22804   0.33921   0.36238   0.22721   0.21420   0.74128   0.18892   0.47870   2.08668   0.64531   1.08661   1.11350   0.98776   0.59792   0.09550  
 17 95.3608  12050.966672  x:  0.69831   0.21355   0.26594   0.07018   0.02377   0.02574   0.00040   0.02609   0.07256   0.12968   0.16629   0.24273   0.06463   0.05619   0.22374   0.34696   0.35392   0.22898   0.21801   0.74577   0.19436   0.48316   2.08263   0.64522   1.10908   1.10885   0.98497   0.60739   0.09533  
 18 25.0779  12050.227834  x:  0.73732   0.21195   0.26192   0.07027   0.02372   0.02565   0.00040   0.02604   0.07317   0.12674   0.18213   0.24004   0.06459   0.05648   0.22450   0.34528   0.35111   0.23300   0.21630   0.76869   0.18933   0.48382   2.06423   0.63597   1.18179   1.10056   0.99631   0.62295   0.09494  
 19 21.3510  12049.892136  x:  0.75212   0.21508   0.25799   0.06927   0.02377   0.02561   0.00040   0.02630   0.07297   0.13080   0.16740   0.24144   0.06464   0.05588   0.22490   0.33964   0.35630   0.22977   0.21452   0.77428   0.18509   0.48490   2.05877   0.63090   1.21388   1.10039   1.00512   0.62976   0.09461  
 20 37.4318  12049.138377  x:  0.75656   0.20334   0.24583   0.06819   0.02363   0.02547   0.00041   0.02660   0.07273   0.13252   0.16212   0.23715   0.06375   0.05554   0.22576   0.35933   0.36387   0.22050   0.22246   0.74474   0.17487   0.49675   2.07472   0.61946   1.27497   1.12623   1.05115   0.64331   0.09683  
 21 14.3110  12047.676437  x:  0.76353   0.19493   0.26059   0.06745   0.02335   0.02515   0.00040   0.02643   0.07159   0.12000   0.16855   0.23976   0.06343   0.05460   0.22249   0.33705   0.38086   0.23070   0.21067   0.68144   0.16920   0.50673   2.11545   0.61287   1.37674   1.18683   1.14567   0.67364   0.10111  
 22 56.0551  12045.023857  x:  0.82625   0.20826   0.25402   0.06385   0.02306   0.02449   0.00041   0.02715   0.07041   0.11220   0.16346   0.23788   0.06185   0.05275   0.22180   0.33993   0.36545   0.22680   0.21266   0.61202   0.21587   0.43742   2.17993   0.68807   1.48995   1.31312   1.30238   0.76142   0.10640  
 23 38.6259  12038.449250  x:  1.05887   0.26354   0.25927   0.05502   0.02313   0.02271   0.00042   0.02942   0.07017   0.08438   0.16685   0.23449   0.06101   0.05016   0.22881   0.34467   0.32007   0.22444   0.21813   0.51230   0.15976   0.53054   2.19259   0.82911   1.55578   1.70657   1.59852   1.12870   0.10900  
 24 38.5750  12036.692029  x:  1.11456   0.22294   0.25950   0.05236   0.02296   0.02199   0.00043   0.03018   0.07035   0.07196   0.16400   0.24386   0.06064   0.04946   0.21935   0.36089   0.36333   0.23893   0.20081   0.49305   0.16741   0.51089   2.17737   0.81388   1.54427   1.77890   1.65821   1.23463   0.10846  
 25 40.9393  12035.798792  x:  1.14166   0.20180   0.26668   0.05255   0.02292   0.02178   0.00043   0.03015   0.07065   0.06748   0.16624   0.22985   0.06102   0.04965   0.23486   0.35393   0.39048   0.23110   0.21321   0.48444   0.18584   0.50599   2.17043   0.79920   1.53378   1.80270   1.68971   1.28796   0.10833  
 26 69.2981  12035.184119  x:  1.15168   0.20552   0.26950   0.05154   0.02288   0.02155   0.00043   0.03028   0.07065   0.06210   0.17307   0.24177   0.06047   0.04941   0.22280   0.34941   0.39619   0.21443   0.22615   0.47890   0.18702   0.50273   2.17509   0.78512   1.51832   1.77461   1.71586   1.31748   0.10852  
 27 17.2878  12026.285716  x:  1.25447   0.26285   0.26111   0.04090   0.02207   0.01892   0.00044   0.03226   0.06827   0.03277   0.16643   0.23234   0.05818   0.04586   0.23009   0.36336   0.35492   0.22938   0.21686   0.40416   0.20572   0.51369   2.28350   0.60775   1.28096   1.22515   2.09699   1.68517   0.11330  
 28 61.6330  12024.969664  x:  1.27077   0.22993   0.26012   0.03953   0.02195   0.01857   0.00045   0.03240   0.06773   0.03038   0.16697   0.23099   0.05799   0.04531   0.22907   0.36075   0.38645   0.22840   0.21651   0.40296   0.18912   0.53205   2.30475   0.64955   1.24831   1.12098   2.16186   1.73630   0.11370  
 29 40.4873  12007.758503  x:  0.75443   0.25258   0.24935   0.03811   0.01858   0.01177   0.00046   0.02559   0.07027   0.08654   0.17136   0.27409   0.06572   0.05378   0.23469   0.40626   0.48423   0.26215   0.23183   1.09509   0.23621   0.59092   2.52739   0.63327   1.30326   1.10352   2.78110   2.49689   0.09387  
 30  2.5084  12002.005324  x:  0.00000   0.22545   0.26647   0.04199   0.02235   0.01833   0.00052   0.02375   0.06720   0.06579   0.17428   0.27533   0.06742   0.05137   0.23974   0.41423   0.53048   0.26954   0.23079   1.92371   0.23924   0.59845   2.67115   0.69068   1.49168   1.37426   2.76690   2.47852   0.08574  
 31  1.3205  11998.678530  x:  0.16227   0.20462   0.27755   0.04822   0.02472   0.02283   0.00062   0.02477   0.06427   0.06473   0.17667   0.27060   0.06758   0.04924   0.24126   0.41383   0.54482   0.27126   0.22956   1.89984   0.22862   0.60045   2.84027   0.61412   1.42837   1.20851   2.98666   2.82212   0.08694  
 32  0.5056  11997.903918  x:  0.00000   0.20349   0.27712   0.04629   0.02478   0.02264   0.00065   0.02580   0.06370   0.06237   0.17646   0.27067   0.06671   0.04946   0.24148   0.41410   0.54797   0.27109   0.22915   2.07900   0.22800   0.60019   2.86856   0.61345   1.44968   1.21391   2.94050   2.75580   0.08636  
 33  0.7482  11997.903918  x:  0.00000   0.20349   0.27712   0.04629   0.02478   0.02264   0.00065   0.02580   0.06370   0.06237   0.17646   0.27067   0.06671   0.04946   0.24148   0.41410   0.54797   0.27109   0.22915   2.07900   0.22800   0.60019   2.86856   0.61345   1.44968   1.21391   2.94050   2.75580   0.08636  
 34  5.3649  11970.281855  x:  0.00001   0.20349   0.27712   0.04628   0.02476   0.02252   0.02016   0.02579   0.06372   0.06237   0.17646   0.27068   0.06670   0.04948   0.24148   0.41410   0.54797   0.27109   0.22915   2.07900   0.22800   0.60019   2.86856   0.61345   1.44969   1.21391   2.94050   2.75580   0.08634  
 35 13750.5097  11968.826611  x:  0.00006   0.20358   0.27699   0.04628   0.02077   0.01390   0.02029   0.02392   0.06447   0.06248   0.17649   0.27090   0.06668   0.05011   0.24154   0.41415   0.54795   0.27106   0.22920   2.07908   0.22799   0.60023   2.86854   0.61357   1.44972   1.21386   2.94057   2.75572   0.08626  
 36 262.0068  11968.799202  x:  0.00014   0.20369   0.27674   0.04618   0.01973   0.01436   0.02029   0.02375   0.06549   0.06261   0.17651   0.27122   0.06652   0.05080   0.24161   0.41423   0.54790   0.27100   0.22925   2.07919   0.22796   0.60027   2.86849   0.61377   1.44977   1.21377   2.94074   2.75551   0.08582  
 37 29.4604  11968.775624  x:  0.00034   0.20396   0.27613   0.04574   0.02020   0.01414   0.02029   0.02418   0.06726   0.06288   0.17651   0.27192   0.06606   0.05188   0.24173   0.41438   0.54777   0.27083   0.22935   2.07947   0.22787   0.60036   2.86840   0.61422   1.44990   1.21357   2.94113   2.75506   0.08540  
 38 28.1353  11968.762401  x:  0.00064   0.20434   0.27526   0.04479   0.02031   0.01420   0.02029   0.02373   0.06792   0.06321   0.17647   0.27279   0.06541   0.05202   0.24182   0.41456   0.54757   0.27058   0.22948   2.07988   0.22772   0.60049   2.86826   0.61488   1.45008   1.21328   2.94158   2.75451   0.08622  
 39 17.1833  11968.751030  x:  0.00112   0.20492   0.27406   0.04427   0.01998   0.01417   0.02029   0.02443   0.06777   0.06373   0.17642   0.27395   0.06512   0.05167   0.24189   0.41482   0.54723   0.27026   0.22970   2.08055   0.22750   0.60071   2.86804   0.61589   1.45037   1.21282   2.94233   2.75359   0.08635  
 40 17.0595  11968.728101  x:  0.00232   0.20636   0.27131   0.04464   0.02020   0.01416   0.02029   0.02387   0.06723   0.06492   0.17629   0.27645   0.06541   0.05114   0.24191   0.41540   0.54635   0.26951   0.23022   2.08223   0.22695   0.60126   2.86747   0.61835   1.45109   1.21171   2.94425   2.75126   0.08572  
 41 31.8148  11968.719401  x:  0.00294   0.20700   0.27034   0.04540   0.02016   0.01417   0.02029   0.02401   0.06714   0.06525   0.17612   0.27697   0.06593   0.05149   0.24168   0.41553   0.54582   0.26918   0.23038   2.08310   0.22662   0.60151   2.86719   0.61947   1.45144   1.21119   2.94511   2.75018   0.08647  
 42 20.5106  11968.698694  x:  0.00547   0.20917   0.26983   0.04495   0.02015   0.01414   0.02029   0.02393   0.06658   0.06507   0.17526   0.27421   0.06556   0.05215   0.23975   0.41513   0.54317   0.26867   0.23058   2.08682   0.22514   0.60246   2.86592   0.62314   1.45274   1.20939   2.94822   2.74604   0.08639  
 43  8.6992  11968.693104  x:  0.00624   0.20972   0.26999   0.04528   0.02011   0.01413   0.02029   0.02395   0.06708   0.06498   0.17522   0.27348   0.06529   0.05145   0.23953   0.41493   0.54225   0.26855   0.23050   2.08799   0.22462   0.60270   2.86550   0.62406   1.45312   1.20890   2.94911   2.74480   0.08650  
 44 18.2712  11968.687214  x:  0.00724   0.21015   0.27091   0.04482   0.02011   0.01412   0.02029   0.02394   0.06735   0.06477   0.17578   0.27322   0.06612   0.05113   0.24039   0.41447   0.54072   0.26852   0.23005   2.08968   0.22375   0.60291   2.86485   0.62468   1.45358   1.20844   2.95012   2.74321   0.08662  
 45  8.1992  11968.683400  x:  0.00800   0.21035   0.27168   0.04509   0.02012   0.01412   0.02029   0.02393   0.06700   0.06448   0.17622   0.27346   0.06553   0.05148   0.24123   0.41405   0.53943   0.26865   0.22968   2.09107   0.22307   0.60306   2.86428   0.62471   1.45389   1.20824   2.95071   2.74208   0.08670  
 46  7.8931  11968.680725  x:  0.00871   0.21047   0.27172   0.04505   0.02011   0.01412   0.02029   0.02393   0.06704   0.06377   0.17561   0.27416   0.06559   0.05142   0.24079   0.41367   0.53803   0.26924   0.22966   2.09290   0.22261   0.60341   2.86341   0.62342   1.45410   1.20849   2.95061   2.74124   0.08668  
 47  2.6295  11968.678404  x:  0.00936   0.21090   0.27182   0.04503   0.02011   0.01412   0.02029   0.02392   0.06706   0.06481   0.17560   0.27431   0.06558   0.05143   0.24024   0.41378   0.53693   0.26941   0.22955   2.09505   0.22231   0.60387   2.86233   0.62164   1.45431   1.20888   2.95013   2.74046   0.08671  
 48  3.5780  11968.676725  x:  0.00968   0.21169   0.27105   0.04505   0.02011   0.01412   0.02029   0.02393   0.06706   0.06460   0.17596   0.27379   0.06559   0.05144   0.24068   0.41412   0.53661   0.26895   0.22957   2.09717   0.22229   0.60433   2.86126   0.62021   1.45451   1.20919   2.94918   2.73991   0.08668  
 49  2.4827  11968.675652  x:  0.00936   0.21248   0.27148   0.04507   0.02012   0.01413   0.02029   0.02394   0.06707   0.06462   0.17561   0.27385   0.06561   0.05145   0.24111   0.41425   0.53714   0.26903   0.23034   2.09924   0.22225   0.60446   2.86028   0.62009   1.45473   1.20912   2.94768   2.73944   0.08668  
 50  1.3113  11968.673657  x:  0.00789   0.21278   0.27216   0.04509   0.02014   0.01414   0.02029   0.02395   0.06710   0.06429   0.17587   0.27444   0.06564   0.05147   0.24064   0.41454   0.53785   0.26864   0.22984   2.10377   0.22240   0.60474   2.85836   0.62087   1.45519   1.20870   2.94374   2.73844   0.08653  
 51  2.2584  11968.671108  x:  0.00498   0.21154   0.27168   0.04511   0.02015   0.01415   0.02029   0.02396   0.06714   0.06452   0.17639   0.27425   0.06568   0.05150   0.24085   0.41465   0.53800   0.26984   0.22998   2.10978   0.22245   0.60502   2.85617   0.62212   1.45571   1.20809   2.93837   2.73648   0.08638  
 52  3.8371  11968.669317  x:  0.00168   0.21040   0.27147   0.04511   0.02014   0.01415   0.02029   0.02396   0.06713   0.06492   0.17535   0.27404   0.06568   0.05150   0.24142   0.41447   0.53823   0.26935   0.22963   2.11396   0.22220   0.60519   2.85521   0.62242   1.45586   1.20786   2.93490   2.73385   0.08627  
 53  3.0533  11968.667855  x:  0.00000   0.21009   0.27148   0.04511   0.02014   0.01415   0.02029   0.02396   0.06713   0.06490   0.17539   0.27405   0.06568   0.05149   0.24138   0.41446   0.53846   0.26923   0.22975   2.11567   0.22205   0.60525   2.85496   0.62238   1.45587   1.20782   2.93360   2.73239   0.08627  
 54  5.9184  11968.666908  x:  0.00000   0.20959   0.27148   0.04511   0.02014   0.01414   0.02029   0.02396   0.06713   0.06488   0.17536   0.27404   0.06568   0.05149   0.24141   0.41444   0.53941   0.26950   0.22947   2.12144   0.22208   0.60555   2.85443   0.62221   1.45580   1.20773   2.92915   2.72710   0.08630  
 55  9.6245  11968.664918  x:  0.00000   0.21005   0.27146   0.04512   0.02014   0.01414   0.02029   0.02396   0.06713   0.06482   0.17526   0.27403   0.06568   0.05150   0.24141   0.41552   0.53888   0.26955   0.22945   2.12426   0.22120   0.60457   2.85772   0.62233   1.45456   1.20779   2.92011   2.71906   0.08619  
 56  0.6471  11968.660322  x:  0.00000   0.21049   0.27171   0.04511   0.02014   0.01414   0.02029   0.02397   0.06718   0.06498   0.17561   0.27425   0.06570   0.05152   0.24142   0.41474   0.53757   0.26860   0.23067   2.12848   0.22227   0.60535   2.86530   0.62271   1.45189   1.20780   2.89989   2.70086   0.08604  
 57  7.2144  11968.651923  x:  0.00000   0.20900   0.27128   0.04510   0.02013   0.01414   0.02029   0.02396   0.06720   0.06520   0.17590   0.27436   0.06571   0.05152   0.24137   0.41335   0.54232   0.26971   0.22953   2.12618   0.21956   0.60816   2.87301   0.62173   1.45026   1.20675   2.86670   2.66725   0.08590  
 58  3.4176  11968.646693  x:  0.00000   0.20704   0.27201   0.04513   0.02013   0.01413   0.02029   0.02396   0.06720   0.06481   0.17559   0.27443   0.06571   0.05155   0.24162   0.41578   0.54403   0.27014   0.22948   2.12402   0.22045   0.60964   2.87610   0.62111   1.44998   1.20582   2.84596   2.64491   0.08599  
 59 11.4798  11968.623372  x:  0.00000   0.20497   0.27172   0.04508   0.02008   0.01408   0.02029   0.02392   0.06717   0.06474   0.17579   0.27435   0.06564   0.05152   0.24121   0.41452   0.54692   0.27004   0.22928   2.11442   0.22780   0.59916   2.87870   0.61749   1.45277   1.20095   2.74672   2.53871   0.08598  
 60  8.9268  11968.582953  x:  0.00000   0.21195   0.27181   0.04507   0.02001   0.01402   0.02029   0.02389   0.06717   0.06442   0.17604   0.27435   0.06563   0.05152   0.24093   0.41475   0.53941   0.26978   0.22965   2.10729   0.22426   0.60394   2.87017   0.61590   1.45736   1.19622   2.55411   2.34431   0.08571  
 61 11.9642  11968.579630  x:  0.00000   0.21207   0.27176   0.04508   0.02000   0.01402   0.02029   0.02388   0.06715   0.06442   0.17609   0.27429   0.06562   0.05151   0.24091   0.41464   0.53935   0.26980   0.22957   2.10481   0.22451   0.60343   2.86628   0.61937   1.45159   1.20526   2.54100   2.32895   0.08582  
 62  0.9801  11968.578217  x:  0.00000   0.21213   0.27179   0.04508   0.02004   0.01406   0.02028   0.02390   0.06714   0.06439   0.17606   0.27426   0.06563   0.05149   0.24091   0.41463   0.53892   0.26957   0.22974   2.10370   0.22404   0.60375   2.86550   0.62100   1.46029   1.21221   2.55010   2.33855   0.08580  
 63  0.0499  11968.576547  x:  0.00000   0.21244   0.27173   0.04508   0.02008   0.01411   0.02028   0.02392   0.06711   0.06438   0.17604   0.27417   0.06562   0.05148   0.24089   0.41457   0.53803   0.26929   0.22992   2.10141   0.22334   0.60422   2.85928   0.62049   1.45454   1.20762   2.56502   2.35351   0.08583  
 64  0.1521  11968.576496  x:  0.00000   0.21222   0.27173   0.04508   0.02007   0.01409   0.02028   0.02392   0.06711   0.06440   0.17601   0.27417   0.06563   0.05148   0.24091   0.41458   0.53818   0.26924   0.22995   2.10111   0.22332   0.60420   2.85879   0.62049   1.45475   1.20738   2.56074   2.34950   0.08580  
 65  0.0063  11968.576473  x:  0.00000   0.21207   0.27173   0.04508   0.02009   0.01411   0.02026   0.02392   0.06711   0.06441   0.17599   0.27417   0.06563   0.05148   0.24094   0.41458   0.53833   0.26924   0.22995   2.10124   0.22338   0.60414   2.85890   0.62050   1.45468   1.20730   2.55970   2.34861   0.08579  
 66  0.0003  11968.576416  x:  0.00000   0.21214   0.27172   0.04508   0.02007   0.01409   0.02021   0.02392   0.06711   0.06441   0.17599   0.27416   0.06563   0.05148   0.24093   0.41458   0.53825   0.26925   0.22993   2.10125   0.22338   0.60415   2.85890   0.62054   1.45464   1.20742   2.56221   2.35106   0.08579  
 67  0.0013  11968.576411  x:  0.00000   0.21221   0.27172   0.04508   0.02007   0.01409   0.02020   0.02392   0.06711   0.06440   0.17600   0.27416   0.06563   0.05148   0.24091   0.41457   0.53818   0.26924   0.22994   2.10112   0.22333   0.60418   2.85884   0.62049   1.45472   1.20739   2.56096   2.34966   0.08580  
 68  0.0020  11968.576411  x:  0.00000   0.21221   0.27172   0.04508   0.02007   0.01409   0.02020   0.02392   0.06711   0.06440   0.17600   0.27416   0.06563   0.05148   0.24091   0.41457   0.53818   0.26924   0.22994   2.10112   0.22333   0.60418   2.85884   0.62049   1.45472   1.20739   2.56098   2.34967   0.08580  
 69  0.0000  11968.576411  x:  0.00000   0.21221   0.27172   0.04508   0.02007   0.01409   0.02020   0.02392   0.06711   0.06440   0.17600   0.27416   0.06563   0.05148   0.24091   0.41457   0.53818   0.26924   0.22994   2.10112   0.22333   0.60418   2.85884   0.62049   1.45472   1.20739   2.56098   2.34967   0.08580  
 70  0.0000  11968.576411  x:  0.00000   0.21221   0.27172   0.04508   0.02007   0.01409   0.02020   0.02392   0.06711   0.06440   0.17600   0.27416   0.06563   0.05148   0.24091   0.41457   0.53818   0.26924   0.22994   2.10112   0.22333   0.60418   2.85884   0.62049   1.45472   1.20739   2.56098   2.34967   0.08580  