

TREE # 1

  0  0.0000  12665.557802  x:  0.81015   0.15165   0.20001   0.00418   0.05975   0.06441   0.03415   0.04895   0.11653   0.00000   0.11312   0.08522   0.05522   0.02658   0.15753   0.21390   0.14363   0.10602   0.14881   0.09451   0.32642   1.00000   0.75145   0.86649   1.11890   1.01716   0.18178   0.25016  
  1 99.0000  12424.767754  x:  0.83156   0.19733   0.22673   0.16881   0.01338   0.00934   0.00000   0.01484   0.09788   0.14582   0.14942   0.16926   0.06709   0.06817   0.18620   0.25414   0.20230   0.16524   0.17964   0.14905   0.35958   1.04276   0.74774   0.86742   1.11978   1.02664   0.17305   0.15580  
  2 3101.1462  12399.766051  x:  0.83385   0.20221   0.22959   0.18639   0.00844   0.00347   0.00035   0.01120   0.09589   0.16139   0.15330   0.17823   0.06836   0.07261   0.18926   0.25844   0.20857   0.17157   0.18294   0.15488   0.36312   1.04733   0.74735   0.86751   1.11987   1.02766   0.17212   0.14572  
  3 209324.0928  12358.483565  x:  0.84578   0.21892   0.23566   0.21123   0.02139   0.05877   0.00043   0.02814   0.08099   0.19152   0.16339   0.20363   0.06811   0.07583   0.19907   0.27338   0.23107   0.19198   0.19453   0.17682   0.37756   1.06958   0.74530   0.86784   1.12041   1.03130   0.16866   0.10526  
  4 2771.8878  12272.657990  x:  0.88795   0.25390   0.23573   0.15511   0.04543   0.03556   0.00034   0.03023   0.01944   0.18552   0.17205   0.23701   0.05066   0.04163   0.21468   0.30480   0.28188   0.22756   0.21711   0.22763   0.41447   1.14328   0.73815   0.86857   1.12232   1.03448   0.16473   0.05125  
  5 1078.9455  12230.111940  x:  0.92186   0.27970   0.23600   0.12285   0.03587   0.04059   0.00034   0.02222   0.00000   0.18735   0.17613   0.26217   0.05144   0.03553   0.22335   0.32742   0.32012   0.25179   0.23009   0.26363   0.44049   1.20494   0.73195   0.86968   1.12359   1.03259   0.16526   0.08356  
  6 1424.9706  12172.611542  x:  0.99723   0.33556   0.23717   0.04859   0.02293   0.04394   0.00032   0.01159   0.03068   0.18481   0.18420   0.31452   0.05255   0.02127   0.24208   0.37675   0.40322   0.30347   0.25817   0.34140   0.49730   1.34105   0.71817   0.87205   1.12653   1.02947   0.16544   0.13012  
  7 6419.9741  12156.455591  x:  1.02397   0.35074   0.23556   0.03124   0.02358   0.03430   0.00032   0.03727   0.03465   0.17778   0.18419   0.32627   0.06402   0.04192   0.24536   0.39042   0.42716   0.31500   0.26330   0.36156   0.51297   1.38855   0.71282   0.87307   1.12769   1.02746   0.16615   0.14334  
  8 1803.9877  12125.136851  x:  1.09997   0.36707   0.21943   0.06474   0.04753   0.03462   0.00028   0.01355   0.03462   0.10933   0.16822   0.31733   0.08615   0.07996   0.23671   0.40776   0.46336   0.30960   0.25237   0.37820   0.53317   1.51797   0.69518   0.87693   1.13172   1.01696   0.17189   0.14570  
  9 630.0673  12102.128709  x:  1.16316   0.37226   0.21397   0.09905   0.01509   0.03722   0.00032   0.02963   0.03358   0.06341   0.15758   0.30270   0.07711   0.07135   0.22769   0.41718   0.48396   0.29578   0.23607   0.37730   0.54014   1.62412   0.67940   0.88128   1.13510   1.00540   0.17885   0.14064  
 10 991.3368  12086.593789  x:  1.23055   0.36374   0.23846   0.11867   0.03777   0.03029   0.00031   0.04361   0.03427   0.07841   0.16227   0.28545   0.05542   0.05426   0.22154   0.42054   0.49113   0.27125   0.20974   0.34987   0.52861   1.73688   0.66050   0.88936   1.13810   0.98634   0.19122   0.15336  
 11 543.4251  12053.026891  x:  1.37472   0.32760   0.30340   0.09028   0.02157   0.03917   0.00033   0.02938   0.02947   0.13328   0.18062   0.24526   0.06174   0.06911   0.21525   0.41726   0.48800   0.21700   0.15894   0.26625   0.48772   1.97546   0.61922   0.91098   1.14344   0.94225   0.21965   0.12546  
 12 1012.1140  12038.291891  x:  1.45653   0.27008   0.29720   0.08972   0.02267   0.03907   0.00033   0.03133   0.02888   0.15394   0.17005   0.25123   0.08085   0.05531   0.22440   0.38249   0.45023   0.25280   0.22150   0.19993   0.45372   2.10138   0.60071   0.93597   1.14135   0.90203   0.24572   0.11977  
 13 299.9484  12034.317863  x:  1.48380   0.23731   0.27735   0.08502   0.02104   0.04067   0.00033   0.02849   0.02957   0.16441   0.16804   0.26578   0.05490   0.07062   0.22971   0.36459   0.42276   0.25292   0.22561   0.20485   0.46161   2.13261   0.60173   0.95480   1.13577   0.87834   0.26082   0.11592  
 14 152.4863  12031.856579  x:  1.50542   0.21174   0.25789   0.08406   0.02226   0.04024   0.00033   0.02997   0.02989   0.17635   0.16996   0.27673   0.06936   0.06064   0.22957   0.35330   0.39959   0.24485   0.21644   0.22013   0.47582   2.15017   0.60751   0.97736   1.12780   0.85315   0.27627   0.11267  
 15 153.5658  12029.513069  x:  1.53777   0.22018   0.24593   0.08225   0.02220   0.04107   0.00034   0.02963   0.03012   0.18707   0.17371   0.25438   0.06862   0.06158   0.20540   0.35893   0.39913   0.25336   0.22169   0.22161   0.48394   2.14637   0.63476   1.04445   1.10131   0.78932   0.31091   0.10664  
 16 51.8857  12027.259782  x:  1.57256   0.23800   0.24865   0.08370   0.02274   0.04125   0.00034   0.02991   0.03026   0.17696   0.17499   0.26281   0.06980   0.06165   0.23553   0.36631   0.40500   0.24901   0.21746   0.20675   0.48231   2.13424   0.66215   1.12773   1.07138   0.71288   0.34723   0.10245  
 17 105.5263  12026.598835  x:  1.58205   0.23491   0.27780   0.08527   0.02260   0.04121   0.00034   0.02986   0.02977   0.16610   0.16703   0.27417   0.07051   0.06225   0.22846   0.36566   0.40182   0.24876   0.22092   0.21110   0.48790   2.12737   0.65440   1.15924   1.07102   0.68707   0.34800   0.10136  
 18 33.1603  12025.957438  x:  1.58853   0.22566   0.28551   0.08692   0.02250   0.04103   0.00034   0.02993   0.02979   0.15552   0.18648   0.27089   0.07046   0.06312   0.23105   0.37572   0.39974   0.25438   0.22225   0.21435   0.49003   2.12028   0.62654   1.19553   1.08461   0.66187   0.32918   0.10224  
 19 25.1242  12024.593325  x:  1.59746   0.22314   0.27320   0.08348   0.02301   0.04092   0.00034   0.02953   0.02998   0.15898   0.16893   0.26529   0.07042   0.06211   0.23437   0.37081   0.41715   0.25639   0.21473   0.21586   0.48657   2.11049   0.57023   1.27004   1.12269   0.61104   0.26743   0.10075  
 20 43.7110  12021.559089  x:  1.60036   0.21045   0.25852   0.07758   0.02388   0.04006   0.00033   0.02860   0.03010   0.14709   0.17797   0.28589   0.06839   0.06076   0.21250   0.36730   0.43953   0.21957   0.23213   0.20869   0.46912   2.13202   0.59512   1.41340   1.19907   0.51517   0.05454   0.10194  
 21 38.6606  12017.309021  x:  1.59287   0.18359   0.27583   0.07463   0.02417   0.03884   0.00033   0.02786   0.02938   0.13029   0.16390   0.25113   0.06778   0.05950   0.23570   0.35352   0.44224   0.23699   0.21943   0.22238   0.46687   2.17737   0.66704   1.59120   1.30993   0.36963  -0.25085   0.10416  
 22 171.7550  12015.480179  x:  1.57093   0.19235   0.27151   0.07028   0.02505   0.03833   0.00033   0.02712   0.02939   0.11762   0.16063   0.26762   0.06698   0.05880   0.22286   0.36668   0.42642   0.26278   0.19078   0.20754   0.46387   2.20250   0.69032   1.62019   1.37155   0.27087  -0.35053   0.10105  
 23 63.8747  12010.119488  x:  1.49200   0.25775   0.27470   0.06322   0.02662   0.03779   0.00033   0.02586   0.02936   0.09268   0.16639   0.25344   0.06776   0.05765   0.23325   0.36058   0.37909   0.23542   0.21551   0.20897   0.49016   2.27991   0.73441   1.62795   1.57340  -0.07966  -0.59552   0.08975  
 24 104.0812  12008.503869  x:  1.53200   0.22672   0.27712   0.06086   0.02706   0.03782   0.00033   0.02530   0.02946   0.08395   0.15891   0.25017   0.06798   0.05787   0.23618   0.37963   0.40375   0.23109   0.21934   0.23981   0.44487   2.26468   0.75012   1.57698   1.60191  -0.17910  -0.65213   0.08644  
 25 25.6024  12007.188253  x:  1.58881   0.20976   0.28049   0.05918   0.02730   0.03777   0.00033   0.02493   0.02964   0.07289   0.17597   0.25184   0.06871   0.05767   0.23266   0.35028   0.43792   0.23918   0.21150   0.23332   0.45330   2.23844   0.75648   1.52168   1.60216  -0.24401  -0.69884   0.08521  
 26 40.5839  12005.789392  x:  1.65875   0.18890   0.27936   0.05650   0.02755   0.03788   0.00033   0.02434   0.02967   0.07037   0.16619   0.24816   0.06875   0.05749   0.23580   0.37229   0.45008   0.23401   0.21637   0.20255   0.49828   2.20621   0.75478   1.45836   1.57822  -0.29536  -0.75307   0.08495  
 27 49.9272  12003.523088  x:  1.75567   0.25790   0.27562   0.05172   0.02802   0.03736   0.00033   0.02346   0.02977   0.06074   0.16696   0.24701   0.06842   0.05660   0.23394   0.37180   0.37350   0.23557   0.21644   0.21594   0.48440   2.19016   0.69861   1.37140   1.41578  -0.31168  -0.83037   0.08546  
 28 18.6016  12000.370750  x:  1.68688   0.22121   0.27553   0.04758   0.02904   0.03567   0.00032   0.02289   0.02992   0.04172   0.16776   0.24137   0.06715   0.05555   0.23034   0.37318   0.40943   0.23549   0.21390   0.21749   0.48975   2.25421   0.60544   1.29127   1.10930  -0.31653  -0.84174   0.08070  
 29 19.5509  11990.368742  x:  1.76062   0.22936   0.26558   0.04166   0.03050   0.02792   0.00032   0.02357   0.03296   0.02054   0.16557   0.24525   0.06590   0.05182   0.23360   0.38809   0.44131   0.24155   0.21754   0.22851   0.51081   2.38940   0.67810   1.40940   1.34159   0.47380   0.01524   0.07671  
 30  3.8000  11977.306198  x:  1.92802   0.24368   0.23967   0.05337   0.02598   0.01676   0.00031   0.02753   0.03751   0.07738   0.17253   0.27239   0.06701   0.04793   0.23357   0.41701   0.52215   0.26926   0.22842   0.27055   0.54620   2.57071   0.63186   1.29164   1.16389   0.25428  -0.09763   0.06701  
 31  1.3371  11970.356149  x:  2.15697   0.20402   0.29263   0.06215   0.02209   0.02392   0.00039   0.02617   0.04409   0.05757   0.18034   0.27536   0.06149   0.05258   0.24444   0.41950   0.55637   0.27503   0.23636   0.26810   0.54667   2.79637   0.62968   1.38465   1.22934  -0.14030  -0.46430   0.06905  
 32  0.3656  11967.217842  x:  2.30628   0.18343   0.28275   0.04430   0.02484   0.02422   0.00045   0.02341   0.05084   0.06891   0.17606   0.27072   0.06464   0.05203   0.24560   0.41359   0.58140   0.27142   0.23210   0.25491   0.53965   2.95130   0.61214   1.45456   1.21879   0.10560  -0.21164   0.06392  
 33  0.3055  11965.804085  x:  2.40056   0.18366   0.27260   0.04865   0.02728   0.02133   0.00052   0.02743   0.05681   0.05716   0.17482   0.27726   0.06604   0.04796   0.24399   0.42287   0.59987   0.27250   0.22844   0.25675   0.54195   3.01503   0.60088   1.47260   1.21100   0.07414  -0.25335   0.06605  
 34  0.0993  11963.730495  x:  2.49237   0.18123   0.26893   0.04145   0.02262   0.02041   0.00070   0.02632   0.06805   0.05948   0.18275   0.28995   0.06737   0.05817   0.23926   0.43386   0.62477   0.27884   0.22800   0.26965   0.54863   3.02800   0.60290   1.45580   1.23516  -0.06265  -0.34951   0.05925  
 35  0.0608  11960.624318  x:  2.47920   0.17748   0.28754   0.04282   0.01851   0.01981   0.00102   0.02950   0.08117   0.06919   0.18512   0.27854   0.06569   0.05828   0.23984   0.42661   0.60254   0.27559   0.22974   0.26751   0.54768   2.89182   0.60753   1.40844   1.20559   0.19696  -0.10550   0.06807  
 36  0.1556  11958.249876  x:  2.34489   0.17865   0.27931   0.03756   0.02033   0.01551   0.00128   0.03041   0.08979   0.06605   0.17395   0.26920   0.06516   0.04910   0.24296   0.41420   0.58082   0.26944   0.22944   0.25907   0.54019   2.79406   0.62338   1.40927   1.22019   0.00842  -0.30452   0.06321  
 37  0.1789  11956.739573  x:  2.20532   0.19565   0.27249   0.03826   0.02103   0.01704   0.00153   0.02382   0.09603   0.06038   0.17629   0.28233   0.06574   0.05415   0.24293   0.41878   0.56989   0.27251   0.23317   0.25538   0.53774   2.79554   0.60914   1.40199   1.17989   0.01810  -0.29862   0.06612  
 38  0.0632  11955.704447  x:  2.18922   0.20473   0.28552   0.03866   0.01912   0.01459   0.00180   0.02308   0.10025   0.06097   0.18127   0.27825   0.06704   0.04776   0.24156   0.42113   0.56433   0.27317   0.23135   0.25628   0.54266   2.90054   0.60865   1.42789   1.21089   0.11526  -0.18020   0.06389  
 39  0.0760  11953.524571  x:  2.20937   0.23113   0.27625   0.03435   0.02237   0.01718   0.00230   0.02381   0.09651   0.07550   0.17363   0.26629   0.06098   0.04813   0.23951   0.41765   0.54761   0.27126   0.22436   0.26458   0.55197   2.97959   0.62701   1.45277   1.25023   0.02043  -0.32938   0.07220  
 40  0.0449  11946.358387  x:  2.20095   0.27022   0.28504   0.05845   0.01925   0.01446   0.00415   0.02760   0.06717   0.06638   0.17165   0.28206   0.06592   0.06128   0.23977   0.42064   0.49582   0.26891   0.22934   0.27499   0.55096   2.90541   0.62995   1.37776   1.21444  -0.07636  -0.40139   0.06267  
 41  0.0355  11941.097356  x:  2.24458   0.21423   0.25997   0.04076   0.01900   0.01385   0.00619   0.02531   0.05894   0.06432   0.18141   0.28114   0.06857   0.05040   0.24293   0.41746   0.54828   0.26928   0.23084   0.25222   0.53486   2.92030   0.60168   1.41098   1.19837   0.18209  -0.14733   0.06598  
 42  0.1500  11937.813908  x:  2.21372   0.16855   0.28661   0.04645   0.01962   0.01193   0.00917   0.02117   0.06982   0.05500   0.17399   0.26881   0.06228   0.05009   0.24174   0.42006   0.59640   0.27637   0.23075   0.25373   0.54183   2.85752   0.61297   1.45832   1.20753   0.02424  -0.30157   0.06787  
 43  0.0870  11935.833786  x:  2.34000   0.17593   0.27993   0.04975   0.02010   0.01709   0.01254   0.02260   0.05987   0.06365   0.17415   0.27391   0.06603   0.05121   0.23953   0.42059   0.60286   0.27213   0.22718   0.26240   0.54429   2.85488   0.60828   1.41381   1.19785  -0.00228  -0.30284   0.06473  
 44  0.0647  11934.623059  x:  2.35064   0.18557   0.27065   0.04411   0.02015   0.01273   0.01589   0.02332   0.06679   0.06467   0.18004   0.28371   0.06627   0.05134   0.24183   0.42297   0.59918   0.27277   0.22974   0.26434   0.54288   2.86986   0.60597   1.42286   1.20299   0.08414  -0.23039   0.06451  
 45  0.0659  11934.122724  x:  2.27408   0.19240   0.27693   0.04562   0.02077   0.01462   0.01872   0.02306   0.06813   0.06294   0.17790   0.27733   0.06516   0.05021   0.24374   0.42021   0.57790   0.27314   0.23179   0.25928   0.54039   2.86882   0.61129   1.41522   1.20597   0.05740  -0.24808   0.06511  
 46  0.0492  11934.044937  x:  2.27524   0.19686   0.27714   0.04552   0.02004   0.01399   0.01988   0.02394   0.06692   0.06272   0.17727   0.27803   0.06557   0.05166   0.24302   0.42162   0.57581   0.27407   0.23126   0.26106   0.54259   2.87521   0.61268   1.42020   1.20682   0.04518  -0.26622   0.06542  
 47  0.0190  11934.040086  x:  2.27596   0.19543   0.27652   0.04518   0.02009   0.01407   0.02013   0.02389   0.06701   0.06248   0.17743   0.27807   0.06570   0.05166   0.24267   0.42160   0.57766   0.27376   0.23093   0.26038   0.54270   2.87809   0.61051   1.41982   1.20396   0.05332  -0.25476   0.06536  
 48  0.0128  11934.039856  x:  2.27583   0.19484   0.27661   0.04527   0.02008   0.01409   0.02018   0.02388   0.06697   0.06243   0.17744   0.27796   0.06568   0.05163   0.24265   0.42152   0.57838   0.27362   0.23084   0.26031   0.54278   2.87733   0.61062   1.42148   1.20442   0.05232  -0.25614   0.06537  
 49  0.0021  11934.039845  x:  2.27607   0.19479   0.27662   0.04528   0.02008   0.01408   0.02018   0.02387   0.06697   0.06245   0.17746   0.27798   0.06568   0.05164   0.24265   0.42153   0.57850   0.27362   0.23085   0.26034   0.54278   2.87725   0.61060   1.42124   1.20444   0.05220  -0.25606   0.06537  
 50  0.0003  11934.039844  x:  2.27612   0.19480   0.27662   0.04528   0.02008   0.01408   0.02018   0.02387   0.06696   0.06246   0.17745   0.27799   0.06568   0.05163   0.24266   0.42153   0.57851   0.27362   0.23085   0.26034   0.54277   2.87725   0.61061   1.42122   1.20443   0.05223  -0.25607   0.06537  
 51  0.0001  11934.039844  x:  2.27613   0.19480   0.27662   0.04528   0.02008   0.01408   0.02018   0.02387   0.06696   0.06246   0.17745   0.27799   0.06568   0.05163   0.24266   0.42153   0.57849   0.27362   0.23085   0.26034   0.54277   2.87725   0.61061   1.42121   1.20442   0.05224  -0.25606   0.06537  
 52  0.0000  11934.039844  x:  2.27613   0.19480   0.27662   0.04528   0.02008   0.01408   0.02018   0.02387   0.06696   0.06246   0.17745   0.27799   0.06568   0.05163   0.24266   0.42153   0.57849   0.27362   0.23085   0.26034   0.54277   2.87725   0.61061   1.42121   1.20443   0.05223  -0.25607   0.06537  
 53  0.0000  11934.039844  x:  2.27614   0.19480   0.27662   0.04528   0.02008   0.01408   0.02018   0.02387   0.06696   0.06246   0.17745   0.27799   0.06568   0.05163   0.24266   0.42153   0.57849   0.27362   0.23085   0.26034   0.54277   2.87725   0.61061   1.42121   1.20443   0.05223  -0.25607   0.06537  
 54  0.0000  11934.039844  x:  2.27614   0.19480   0.27662   0.04528   0.02008   0.01408   0.02018   0.02387   0.06696   0.06246   0.17745   0.27799   0.06568   0.05163   0.24266   0.42153   0.57849   0.27362   0.23085   0.26034   0.54277   2.87725   0.61061   1.42121   1.20443   0.05223  -0.25607   0.06537  