

TREE # 1

  0  0.0000  15026.564476  x:  0.02114   0.08203   0.02611   0.03081   0.02052   0.06911   0.09245   0.10345   0.07317   0.05290   0.07643   0.02249   0.01773   0.07741   0.06278   0.06500   0.05381   0.10584   0.09248   0.09679   0.03728   1.00000   0.73727   0.83399   1.12521   1.06720   0.14064   0.27914  
  1 99.0000  12336.206775  x:  1.09710   0.21431   0.22760   0.04521   0.00000   0.02813   0.05198   0.06594   0.06490   0.10621   0.12898   0.30714   0.10448   0.06250   0.16596   0.20342   0.26259   0.14843   0.15014   0.20542   0.41950   1.02603   0.73502   0.83423   1.12626   1.07644   0.13208   0.19466  
  2 19556.7921  12314.117545  x:  1.10678   0.21612   0.22942   0.04577   0.03477   0.02612   0.04940   0.06404   0.06512   0.10647   0.13032   0.30915   0.10391   0.06134   0.16762   0.20656   0.26527   0.15055   0.15206   0.20697   0.42326   1.02838   0.73478   0.83427   1.12631   1.07672   0.13181   0.19016  
  3 6776.7382  12239.066942  x:  1.09986   0.22312   0.22862   0.04309   0.03523   0.00266   0.02005   0.03460   0.06352   0.10367   0.14071   0.30032   0.08630   0.04891   0.17600   0.22931   0.27387   0.17200   0.16906   0.21353   0.42459   1.05491   0.73211   0.83478   1.12686   1.07878   0.12973   0.14543  
  4 1247.2147  12213.060819  x:  1.09645   0.22701   0.22816   0.04164   0.03536   0.00935   0.00594   0.01879   0.06251   0.10195   0.14623   0.29537   0.07669   0.04237   0.18053   0.24175   0.27873   0.18353   0.17816   0.21719   0.42543   1.06996   0.73058   0.83508   1.12717   1.07990   0.12860   0.12122  
  5 6164.1289  12196.840177  x:  1.09364   0.23092   0.22754   0.04030   0.03537   0.01197   0.01717   0.00793   0.06113   0.09972   0.15114   0.29008   0.06759   0.03709   0.18468   0.25384   0.28372   0.19423   0.18650   0.22087   0.42634   1.08606   0.72892   0.83542   1.12747   1.08082   0.12761   0.09972  
  6 2525.6117  12184.498971  x:  1.09089   0.23608   0.22627   0.03902   0.03480   0.01414   0.02171   0.02489   0.05865   0.09561   0.15647   0.28217   0.05715   0.03342   0.18944   0.26930   0.29060   0.20698   0.19614   0.22577   0.42752   1.10990   0.72644   0.83600   1.12788   1.08140   0.12683   0.08027  
  7 1568.8989  12133.152486  x:  1.08601   0.26670   0.21134   0.03480   0.03474   0.01798   0.02729   0.03046   0.04036   0.05451   0.17197   0.22189   0.02867   0.06307   0.20779   0.35515   0.33533   0.26503   0.23533   0.25505   0.43347   1.28868   0.70745   0.84143   1.13018   1.07277   0.13251   0.13738  
  8 779.2009  12113.227551  x:  1.07798   0.28058   0.20805   0.05798   0.03380   0.01932   0.02936   0.03260   0.06522   0.03816   0.17456   0.19608   0.07021   0.07724   0.21615   0.39056   0.35744   0.28133   0.24323   0.26991   0.43372   1.39500   0.69538   0.84555   1.13155   1.06771   0.13560   0.14476  
  9 1096.5458  12078.103296  x:  1.06441   0.29121   0.23519   0.02924   0.03432   0.01887   0.02879   0.03250   0.05763   0.05804   0.15338   0.20572   0.09543   0.02720   0.22207   0.39232   0.38714   0.23092   0.18887   0.28992   0.42605   1.62309   0.66619   0.85970   1.13401   1.04691   0.15023   0.14762  
 10 454.6106  12058.924834  x:  1.06003   0.28987   0.25349   0.05349   0.03392   0.01758   0.02683   0.02979   0.05558   0.07289   0.13541   0.23237   0.06855   0.05574   0.21999   0.36829   0.40121   0.18623   0.14950   0.29807   0.41798   1.78806   0.64450   0.87384   1.13492   1.02857   0.16313   0.13074  
 11 812.1396  12046.510595  x:  1.07431   0.26277   0.24366   0.03988   0.03396   0.01717   0.02617   0.02908   0.06786   0.05747   0.12419   0.26652   0.06367   0.06001   0.19481   0.29252   0.39100   0.19299   0.18723   0.28456   0.40427   1.90900   0.62904   0.89698   1.13195   1.00162   0.18244   0.12054  
 12 274.5897  12044.035688  x:  1.08235   0.24622   0.23770   0.05423   0.03383   0.01726   0.02631   0.02907   0.05672   0.06554   0.14529   0.26609   0.06555   0.05145   0.19173   0.27826   0.37931   0.19513   0.19322   0.27473   0.39900   1.93629   0.62724   0.91153   1.12817   0.98781   0.19203   0.12119  
 13 151.0124  12042.832903  x:  1.08896   0.23303   0.23260   0.04569   0.03400   0.01721   0.02619   0.02895   0.05533   0.07245   0.15691   0.25988   0.06911   0.05952   0.19175   0.27731   0.36893   0.19418   0.19070   0.26769   0.39699   1.94878   0.62821   0.92609   1.12380   0.97537   0.20034   0.11640  
 14 122.4523  12041.909962  x:  1.09627   0.22120   0.22726   0.04353   0.03390   0.01719   0.02618   0.02898   0.06647   0.07584   0.15953   0.25184   0.06347   0.05756   0.19164   0.27978   0.35938   0.19316   0.18628   0.26197   0.39686   1.95749   0.63059   0.94335   1.11838   0.96079   0.20995   0.11530  
 15 142.8622  12040.689275  x:  1.10328   0.20947   0.22024   0.04723   0.03393   0.01696   0.02580   0.02847   0.05915   0.07194   0.14149   0.24171   0.06481   0.05589   0.19142   0.28490   0.34937   0.19483   0.18139   0.25716   0.39983   1.96523   0.63750   0.97927   1.10687   0.93207   0.22798   0.10841  
 16 91.3015  12038.599740  x:  1.09079   0.22269   0.23715   0.04746   0.03394   0.01750   0.02663   0.02941   0.06163   0.08161   0.13783   0.25362   0.06627   0.05816   0.20600   0.28757   0.35872   0.20248   0.19006   0.25666   0.40313   1.97012   0.65711   1.08080   1.07569   0.85729   0.27012   0.10773  
 17 68.6855  12037.895768  x:  1.08672   0.23066   0.23467   0.04669   0.03395   0.01745   0.02656   0.02934   0.06182   0.06925   0.14821   0.25818   0.06642   0.05761   0.19795   0.28781   0.36541   0.19641   0.18730   0.26477   0.40790   1.96985   0.66094   1.11735   1.06770   0.83035   0.28276   0.10489  
 18 86.3282  12037.743128  x:  1.08722   0.23193   0.23469   0.04681   0.03395   0.01744   0.02654   0.02932   0.06194   0.07445   0.14756   0.25505   0.06634   0.05799   0.19075   0.28714   0.36781   0.19741   0.18824   0.27114   0.40673   1.96876   0.65443   1.12837   1.07325   0.82333   0.27935   0.10455  
 19 15.9083  12037.249523  x:  1.09015   0.23013   0.22783   0.04667   0.03392   0.01742   0.02651   0.02930   0.06208   0.07488   0.14668   0.25551   0.06630   0.05782   0.19964   0.28589   0.37168   0.19783   0.18785   0.28733   0.39441   1.96464   0.62435   1.16776   1.10308   0.79938   0.25609   0.10458  
 20 31.0107  12036.887480  x:  1.09153   0.22722   0.23887   0.04685   0.03391   0.01740   0.02646   0.02923   0.06168   0.06794   0.14702   0.25840   0.06633   0.05757   0.19466   0.29385   0.37120   0.19721   0.18864   0.28146   0.38495   1.96477   0.61338   1.19553   1.12809   0.78152   0.22871   0.10486  
 21 31.8398  12035.224545  x:  1.08535   0.22712   0.25252   0.04636   0.03385   0.01697   0.02576   0.02845   0.06127   0.05849   0.15005   0.24262   0.06450   0.05706   0.19883   0.28081   0.37110   0.19965   0.18444   0.26645   0.41595   1.98224   0.64279   1.31080   1.24444   0.69828   0.06097   0.10618  
 22 37.6560  12033.898830  x:  1.08145   0.22936   0.22926   0.04631   0.03376   0.01684   0.02554   0.02827   0.06137   0.06813   0.14731   0.25969   0.06483   0.05596   0.19234   0.29369   0.37291   0.19750   0.18786   0.25603   0.42368   1.99863   0.68268   1.39064   1.33448   0.62438  -0.07172   0.10911  
 23 137.1776  12032.168749  x:  1.09948   0.23995   0.22937   0.04636   0.03372   0.01641   0.02484   0.02746   0.06080   0.06469   0.14807   0.24744   0.06353   0.05566   0.19497   0.28984   0.37800   0.19226   0.19021   0.28041   0.37096   2.01657   0.76592   1.43940   1.44356   0.48413  -0.22118   0.10510  
 24 54.8906  12031.030452  x:  1.09647   0.22722   0.24164   0.04667   0.03367   0.01649   0.02493   0.02755   0.06121   0.06137   0.15087   0.25870   0.06408   0.05621   0.19530   0.29708   0.36386   0.20470   0.18705   0.31309   0.36589   2.02784   0.80557   1.44798   1.51384   0.37183  -0.30850   0.10543  
 25 88.1108  12027.620438  x:  1.08509   0.23993   0.24270   0.04793   0.03351   0.01628   0.02451   0.02703   0.06144   0.06412   0.15335   0.25413   0.06418   0.05746   0.20421   0.30896   0.37754   0.19906   0.20173   0.29874   0.39045   2.05022   0.84575   1.41025   1.70838  -0.02419  -0.53395   0.09488  
 26 81.7136  12027.127095  x:  1.08617   0.24682   0.23945   0.04755   0.03348   0.01621   0.02439   0.02689   0.06180   0.06361   0.15475   0.25644   0.06409   0.05748   0.20208   0.30622   0.38127   0.21724   0.18563   0.29289   0.38718   2.05421   0.84283   1.40460   1.70815  -0.07412  -0.57560   0.09359  
 27 35.6174  12013.034818  x:  1.10293   0.27898   0.23546   0.04842   0.03249   0.01342   0.01967   0.02161   0.05978   0.05799   0.15668   0.23471   0.05717   0.05512   0.21045   0.33660   0.35001   0.22428   0.20416   0.35142   0.34828   2.18159   0.63814   1.26710   1.15460  -1.30224  -1.94450   0.07861  
 28 52.7150  12012.359231  x:  1.09988   0.23681   0.23655   0.04850   0.03244   0.01329   0.01944   0.02135   0.05956   0.05709   0.15719   0.23353   0.05693   0.05494   0.21084   0.33758   0.39739   0.22630   0.20263   0.35349   0.34608   2.18444   0.63483   1.26055   1.12654  -1.35436  -2.00432   0.07807  
 29 30.9961  11999.191955  x:  1.09019   0.26995   0.23832   0.04626   0.02968   0.01146   0.01610   0.01816   0.06153   0.05654   0.17177   0.22659   0.05811   0.04324   0.23079   0.38847   0.43461   0.25695   0.22296   0.34923   0.37201   2.52325   0.70727   1.35493   1.43549  -0.07997  -0.52463   0.08350  
 30  1.5897  11994.742600  x:  1.10532   0.26287   0.24598   0.03840   0.02758   0.01334   0.01924   0.02206   0.06062   0.05770   0.16716   0.24532   0.06311   0.04931   0.22367   0.38164   0.43480   0.25147   0.22133   0.35396   0.36961   2.66489   0.60735   1.38014   1.17564  -0.45946  -0.96237   0.08760  
 31  0.4021  11990.459431  x:  1.14455   0.25567   0.24872   0.04415   0.02260   0.01365   0.01984   0.02335   0.05926   0.05364   0.15975   0.24057   0.05710   0.05137   0.21827   0.37687   0.44317   0.24295   0.21562   0.32246   0.40252   2.87309   0.63447   1.53108   1.24408   0.23804  -0.20530   0.07476  
 32  0.4264  11985.651451  x:  1.22897   0.23816   0.24724   0.05089   0.01558   0.01414   0.02050   0.02457   0.06343   0.05803   0.16005   0.22987   0.05653   0.04537   0.22393   0.37377   0.46245   0.23654   0.21189   0.35052   0.38866   3.00020   0.61684   1.58642   1.28412  -0.71753  -1.18285   0.07122  
 33  0.5589  11976.832779  x:  1.36253   0.25031   0.24505   0.04535   0.00742   0.01521   0.02185   0.02696   0.06957   0.06499   0.17443   0.23990   0.06877   0.05008   0.23934   0.38661   0.47031   0.24997   0.21602   0.36965   0.38387   2.96802   0.61055   1.55351   1.33682  -0.41848  -0.87466   0.09217  
 34  0.1889  11967.748605  x:  1.45401   0.25751   0.25040   0.03626   0.01360   0.01300   0.01808   0.02341   0.06728   0.05629   0.17604   0.26296   0.06908   0.05560   0.23547   0.39090   0.45607   0.25968   0.22041   0.36740   0.37356   2.58186   0.67203   1.37755   1.36617  -0.16021  -0.56586   0.08873  
 35  0.3001  11958.080248  x:  1.72284   0.22941   0.27283   0.04852   0.00884   0.01184   0.01617   0.02250   0.06066   0.05145   0.16527   0.27427   0.05862   0.04942   0.22549   0.39812   0.48965   0.25944   0.22318   0.34952   0.41335   2.61061   0.61670   1.34476   1.13494  -0.32174  -0.65316   0.06957  
 36  0.1823  11950.905781  x:  1.95853   0.19863   0.27684   0.04648   0.01407   0.01482   0.02139   0.02760   0.06774   0.07097   0.17308   0.26435   0.06360   0.04636   0.23756   0.41518   0.54726   0.26986   0.23358   0.32710   0.46812   2.68797   0.58661   1.34503   1.08282  -0.18370  -0.50598   0.08769  
 37  0.1394  11947.700086  x:  2.12375   0.18434   0.27377   0.04053   0.01665   0.01462   0.02114   0.02667   0.06753   0.06884   0.17538   0.27148   0.06612   0.05384   0.24247   0.42111   0.57635   0.27234   0.23510   0.32075   0.47878   2.83578   0.62830   1.43694   1.26479  -0.23037  -0.47862   0.07259  
 38  0.2184  11946.629702  x:  2.25186   0.18540   0.27435   0.04637   0.01926   0.01398   0.02008   0.02457   0.06606   0.05940   0.17615   0.27967   0.06465   0.05043   0.24261   0.42199   0.58100   0.27404   0.23153   0.33032   0.46420   2.87112   0.60267   1.41568   1.16724  -0.24269  -0.52108   0.07282  
 39  0.1030  11946.461194  x:  2.29507   0.18621   0.27587   0.04561   0.02008   0.01402   0.02009   0.02399   0.06709   0.06284   0.17774   0.27710   0.06593   0.05186   0.24272   0.41983   0.57940   0.27326   0.23048   0.34383   0.45087   2.87143   0.60466   1.40627   1.19337  -0.34119  -0.61647   0.07467  
 40  0.0871  11946.436863  x:  2.29808   0.18787   0.27575   0.04534   0.02021   0.01400   0.02005   0.02377   0.06690   0.06291   0.17682   0.27626   0.06571   0.05188   0.24179   0.41851   0.57583   0.27209   0.23001   0.35002   0.44299   2.87573   0.60466   1.41043   1.18935  -0.34406  -0.61795   0.07338  
 41  0.0098  11946.431878  x:  2.29344   0.18887   0.27562   0.04547   0.02011   0.01408   0.02017   0.02385   0.06682   0.06271   0.17643   0.27645   0.06556   0.05159   0.24178   0.41860   0.57437   0.27195   0.23042   0.35425   0.43901   2.87510   0.60477   1.41415   1.19217  -0.36816  -0.64460   0.07370  
 42  0.0220  11946.431442  x:  2.29369   0.18885   0.27571   0.04542   0.02009   0.01409   0.02019   0.02387   0.06681   0.06274   0.17660   0.27657   0.06557   0.05169   0.24195   0.41897   0.57478   0.27226   0.23059   0.35484   0.43851   2.87499   0.60401   1.41389   1.19233  -0.36904  -0.64431   0.07365  
 43  0.0012  11946.431399  x:  2.29422   0.18866   0.27577   0.04542   0.02009   0.01409   0.02019   0.02388   0.06682   0.06272   0.17665   0.27660   0.06557   0.05169   0.24197   0.41906   0.57507   0.27234   0.23057   0.35495   0.43837   2.87500   0.60431   1.41410   1.19230  -0.37026  -0.64564   0.07364  
 44  0.0015  11946.431391  x:  2.29442   0.18851   0.27577   0.04542   0.02009   0.01409   0.02019   0.02388   0.06682   0.06271   0.17664   0.27659   0.06557   0.05167   0.24196   0.41906   0.57526   0.27233   0.23054   0.35497   0.43832   2.87491   0.60419   1.41403   1.19215  -0.37032  -0.64570   0.07364  
 45  0.0002  11946.431390  x:  2.29436   0.18846   0.27577   0.04542   0.02009   0.01409   0.02019   0.02388   0.06682   0.06272   0.17664   0.27658   0.06557   0.05168   0.24195   0.41905   0.57531   0.27232   0.23055   0.35498   0.43832   2.87490   0.60423   1.41405   1.19223  -0.37039  -0.64578   0.07364  
 46  0.0001  11946.431390  x:  2.29436   0.18845   0.27577   0.04542   0.02009   0.01409   0.02019   0.02388   0.06682   0.06271   0.17664   0.27659   0.06557   0.05168   0.24196   0.41905   0.57532   0.27232   0.23055   0.35499   0.43831   2.87491   0.60422   1.41403   1.19220  -0.37037  -0.64576   0.07364  
 47  0.0000  11946.431390  x:  2.29436   0.18845   0.27577   0.04542   0.02009   0.01409   0.02019   0.02388   0.06682   0.06271   0.17664   0.27659   0.06557   0.05168   0.24196   0.41905   0.57532   0.27232   0.23055   0.35499   0.43831   2.87492   0.60422   1.41403   1.19221  -0.37039  -0.64578   0.07364  
 48  0.0000  11946.431390  x:  2.29436   0.18846   0.27577   0.04542   0.02009   0.01409   0.02019   0.02388   0.06682   0.06271   0.17664   0.27659   0.06557   0.05168   0.24196   0.41905   0.57532   0.27232   0.23055   0.35499   0.43831   2.87492   0.60422   1.41403   1.19221  -0.37038  -0.64577   0.07364  
 49  0.0000  11946.431390  x:  2.29436   0.18846   0.27577   0.04542   0.02009   0.01409   0.02019   0.02388   0.06682   0.06271   0.17664   0.27659   0.06557   0.05168   0.24196   0.41905   0.57532   0.27232   0.23055   0.35499   0.43831   2.87492   0.60422   1.41403   1.19221  -0.37039  -0.64578   0.07364  
 50  0.0000  11946.431390  x:  2.29436   0.18846   0.27577   0.04542   0.02009   0.01409   0.02019   0.02388   0.06682   0.06271   0.17664   0.27659   0.06557   0.05168   0.24196   0.41905   0.57532   0.27232   0.23055   0.35499   0.43831   2.87492   0.60422   1.41403   1.19221  -0.37038  -0.64578   0.07364  
 51  0.0000  11946.431390  x:  2.29436   0.18846   0.27577   0.04542   0.02009   0.01409   0.02019   0.02388   0.06682   0.06271   0.17664   0.27659   0.06557   0.05168   0.24196   0.41905   0.57532   0.27232   0.23055   0.35499   0.43831   2.87492   0.60422   1.41403   1.19221  -0.37039  -0.64578   0.07364  
 52  0.0000  11946.431390  x:  2.29436   0.18846   0.27577   0.04542   0.02009   0.01409   0.02019   0.02388   0.06682   0.06271   0.17664   0.27659   0.06557   0.05168   0.24196   0.41905   0.57532   0.27232   0.23055   0.35499   0.43831   2.87492   0.60422   1.41403   1.19221  -0.37038  -0.64577   0.07364  
 53  0.0000  11946.431390  x:  2.29436   0.18846   0.27577   0.04542   0.02009   0.01409   0.02019   0.02388   0.06682   0.06271   0.17664   0.27659   0.06557   0.05168   0.24196   0.41905   0.57532   0.27232   0.23055   0.35499   0.43831   2.87492   0.60422   1.41403   1.19221  -0.37038  -0.64578   0.07364  
 54  0.0000  11946.431390  x:  2.29436   0.18846   0.27577   0.04542   0.02009   0.01409   0.02019   0.02388   0.06682   0.06271   0.17664   0.27659   0.06557   0.05168   0.24196   0.41905   0.57532   0.27232   0.23055   0.35499   0.43831   2.87492   0.60422   1.41403   1.19221  -0.37038  -0.64578   0.07364  