

TREE # 1

  0  0.0000  12671.247232  x:  0.81015   0.15165   0.20001   0.00418   0.05975   0.06441   0.03415   0.04895   0.11653   0.00000   0.11312   0.08522   0.05522   0.02658   0.15753   0.21390   0.14363   0.10602   0.14881   0.09451   0.32642   1.00000   0.75145   0.86649   1.11890   1.01716   0.18178   0.25016   1.90884  
  1 99.0000  12424.342386  x:  0.83172   0.19826   0.22741   0.17144   0.01323   0.00908   0.00000   0.01483   0.09805   0.14804   0.15024   0.17062   0.06763   0.06909   0.18693   0.25500   0.20330   0.16630   0.18038   0.15195   0.36040   1.04351   0.74773   0.86760   1.11969   1.02749   0.17300   0.15482   1.90804  
  2 3115.1284  12399.210696  x:  0.83398   0.20313   0.23028   0.18890   0.00838   0.00332   0.00034   0.01128   0.09611   0.16350   0.15412   0.17955   0.06892   0.07352   0.19000   0.25930   0.20954   0.17260   0.18368   0.15796   0.36395   1.04806   0.74734   0.86771   1.11977   1.02857   0.17208   0.14485   1.90796  
  3 217684.9488  12356.445304  x:  0.84593   0.22051   0.23689   0.21641   0.02076   0.06128   0.00043   0.02741   0.08138   0.19580   0.16484   0.20606   0.06900   0.07753   0.20032   0.27487   0.23277   0.19379   0.19577   0.18156   0.37902   1.07076   0.74528   0.86815   1.12027   1.03278   0.16851   0.10307   1.90762  
  4 2943.4659  12269.338451  x:  0.88728   0.25595   0.23746   0.16068   0.04925   0.03723   0.00033   0.03208   0.02032   0.19005   0.17382   0.23931   0.05129   0.04298   0.21630   0.30679   0.28376   0.22941   0.21874   0.23610   0.41750   1.14477   0.73816   0.86924   1.12204   1.03757   0.16457   0.04862   1.90714  
  5 1080.0209  12227.703204  x:  0.91689   0.27953   0.23797   0.13100   0.04161   0.04133   0.00033   0.02390   0.00000   0.19154   0.17779   0.26190   0.05091   0.03573   0.22447   0.32749   0.31829   0.25138   0.23086   0.27174   0.44275   1.20015   0.73265   0.87049   1.12310   1.03717   0.16498   0.07739   1.90709  
  6 1519.1895  12165.193803  x:  0.99193   0.33750   0.23992   0.05295   0.02960   0.04436   0.00032   0.01078   0.03227   0.18808   0.18655   0.31501   0.05061   0.01832   0.24433   0.37875   0.40351   0.30438   0.26042   0.35907   0.50534   1.33956   0.71865   0.87357   1.12587   1.03718   0.16499   0.12402   1.90699  
  7 5710.4356  12146.542625  x:  1.01910   0.35446   0.23870   0.03031   0.02485   0.03666   0.00032   0.03532   0.03732   0.18097   0.18708   0.32827   0.06212   0.03968   0.24853   0.39392   0.42957   0.31762   0.26690   0.38428   0.52444   1.38944   0.71319   0.87485   1.12697   1.03644   0.16545   0.13717   1.90722  
  8 2206.2714  12116.594428  x:  1.08393   0.36908   0.22355   0.05808   0.04032   0.03838   0.00029   0.01181   0.03687   0.11656   0.17199   0.31907   0.08485   0.07652   0.24020   0.40891   0.46116   0.31199   0.25705   0.40542   0.54828   1.50389   0.69777   0.87895   1.13029   1.02980   0.16979   0.13665   1.90946  
  9 605.2448  12094.228623  x:  1.15076   0.37629   0.21479   0.10460   0.01721   0.03785   0.00032   0.03252   0.03683   0.06205   0.15848   0.30327   0.07559   0.06113   0.22919   0.41943   0.48491   0.29714   0.23934   0.41329   0.56404   1.62103   0.68070   0.88432   1.13374   1.01970   0.17659   0.13858   1.91271  
 10 1072.6198  12071.523541  x:  1.25198   0.35718   0.26146   0.11490   0.04768   0.03178   0.00030   0.04150   0.03688   0.09791   0.16907   0.27198   0.05181   0.05951   0.21880   0.42071   0.48910   0.25179   0.19256   0.36979   0.55120   1.79840   0.65041   0.89946   1.13788   0.99257   0.19464   0.14777   1.92166  
 11 413.6828  12048.863502  x:  1.34037   0.33201   0.30005   0.09539   0.01793   0.04104   0.00033   0.03063   0.03250   0.12745   0.17836   0.24501   0.05369   0.06612   0.21343   0.41614   0.48414   0.21646   0.16073   0.32009   0.53267   1.95149   0.62392   0.91483   1.14091   0.96754   0.21112   0.12323   1.93015  
 12 1311.2175  12032.395333  x:  1.42876   0.28031   0.30214   0.09482   0.02194   0.03978   0.00033   0.03450   0.03108   0.15177   0.17299   0.24924   0.09763   0.04004   0.22260   0.38821   0.45419   0.24152   0.20681   0.24140   0.49412   2.09891   0.60046   0.94021   1.14000   0.93067   0.23584   0.11800   1.94099  
 13 386.2155  12026.297612  x:  1.46464   0.25092   0.28539   0.09193   0.01881   0.04163   0.00033   0.03162   0.03169   0.15697   0.16839   0.26446   0.06408   0.05702   0.23046   0.37150   0.43345   0.25784   0.23042   0.21522   0.48075   2.15142   0.59602   0.95733   1.13635   0.90917   0.25085   0.11490   1.94596  
 14 280.1803  12023.153978  x:  1.49342   0.21907   0.24789   0.08789   0.02016   0.04166   0.00033   0.03189   0.03258   0.17269   0.17175   0.28643   0.06818   0.05335   0.22944   0.35984   0.40572   0.24894   0.21551   0.23271   0.48941   2.17272   0.60744   0.99115   1.12363   0.87549   0.27533   0.11008   1.95138  
 15 87.9542  12021.055300  x:  1.52342   0.22324   0.24104   0.08646   0.01983   0.04245   0.00034   0.03163   0.03271   0.18395   0.16762   0.26264   0.06705   0.05420   0.20827   0.35870   0.40520   0.25751   0.22482   0.24137   0.49317   2.17139   0.63305   1.05152   1.09958   0.82351   0.31068   0.10457   1.96072  
 16 55.3910  12018.771358  x:  1.56030   0.24092   0.25087   0.08888   0.02040   0.04261   0.00034   0.03197   0.03271   0.17188   0.17373   0.26300   0.06924   0.05432   0.23999   0.36774   0.41364   0.25261   0.22306   0.23068   0.48875   2.15995   0.66261   1.13944   1.06800   0.75251   0.35521   0.10087   1.97559  
 17 94.2257  12018.146808  x:  1.56908   0.23928   0.27046   0.08931   0.02048   0.04251   0.00034   0.03187   0.03240   0.16102   0.17051   0.28253   0.06998   0.05442   0.22657   0.37331   0.41177   0.25347   0.22133   0.22619   0.49374   2.15303   0.65466   1.17037   1.06787   0.73237   0.36140   0.09967   1.98331  
 18 32.4562  12017.324064  x:  1.57731   0.22725   0.28084   0.09076   0.02024   0.04240   0.00034   0.03189   0.03239   0.15272   0.18164   0.27299   0.06981   0.05534   0.23310   0.37746   0.40711   0.26110   0.22316   0.23080   0.51177   2.14309   0.61462   1.21937   1.08763   0.71211   0.34962   0.10013   2.00087  
 19 22.3216  12016.381370  x:  1.58292   0.23190   0.26842   0.08728   0.02095   0.04229   0.00034   0.03151   0.03256   0.15722   0.16280   0.27257   0.06935   0.05460   0.23546   0.37038   0.42279   0.25589   0.21911   0.22591   0.51381   2.13676   0.57864   1.27467   1.11571   0.69563   0.32091   0.09906   2.02594  
 20 35.5239  12014.888774  x:  1.58417   0.23067   0.24830   0.08376   0.02174   0.04176   0.00033   0.03097   0.03293   0.14941   0.18563   0.27565   0.06787   0.05443   0.22023   0.38082   0.43778   0.24607   0.22194   0.21895   0.49534   2.14472   0.57946   1.35487   1.15902   0.68395   0.24854   0.10058   2.07269  
 21 37.1236  12010.420517  x:  1.57455   0.19747   0.27285   0.07871   0.02243   0.04012   0.00033   0.02981   0.03217   0.12234   0.16531   0.26736   0.06537   0.05416   0.22801   0.36433   0.44042   0.24152   0.22077   0.25171   0.46878   2.19326   0.65515   1.56992   1.28859   0.65334   0.01832   0.10414   2.21715  
 22 96.9957  12007.742316  x:  1.52851   0.21706   0.26384   0.07270   0.02390   0.03936   0.00032   0.02893   0.03221   0.10888   0.16270   0.26184   0.06467   0.05334   0.22808   0.37112   0.42345   0.27197   0.18939   0.21788   0.50950   2.23778   0.70478   1.61431   1.38654   0.58014  -0.05566   0.10045   2.29944  
 23 37.5485  12004.894635  x:  1.48064   0.24339   0.26614   0.06826   0.02497   0.03897   0.00032   0.02816   0.03229   0.09426   0.16781   0.26135   0.06338   0.05368   0.22891   0.36239   0.40605   0.23172   0.22313   0.21389   0.54444   2.28288   0.74227   1.62499   1.49466   0.48303  -0.10388   0.09521   2.38237  
 24 78.8644  12002.698494  x:  1.47523   0.24834   0.27062   0.06459   0.02605   0.03871   0.00032   0.02739   0.03244   0.07709   0.16383   0.25720   0.06302   0.05432   0.23167   0.38159   0.39942   0.23839   0.21796   0.25171   0.48796   2.29900   0.74563   1.59017   1.57218   0.39894  -0.11158   0.08967   2.44132  
 25 37.1869  12001.553070  x:  1.52231   0.24215   0.27528   0.06282   0.02641   0.03855   0.00032   0.02703   0.03261   0.06592   0.17981   0.25866   0.06351   0.05429   0.22851   0.35040   0.42032   0.24570   0.21059   0.25228   0.48902   2.28215   0.75024   1.54957   1.57679   0.38617  -0.11110   0.08881   2.45908  
 26 17.0491  11998.755814  x:  1.66491   0.19668   0.27316   0.05676   0.02744   0.03843   0.00032   0.02586   0.03285   0.05576   0.16701   0.25134   0.06308   0.05429   0.23250   0.38048   0.45173   0.23607   0.21789   0.22805   0.52167   2.22720   0.76389   1.43869   1.55294   0.38546  -0.11072   0.08823   2.49183  
 27 50.7309  11995.712209  x:  1.71715   0.27723   0.26961   0.04994   0.02856   0.03729   0.00032   0.02473   0.03295   0.04121   0.16573   0.24831   0.06112   0.05396   0.23002   0.37859   0.35965   0.23560   0.21853   0.23274   0.52193   2.24875   0.69112   1.37610   1.35161   0.48397  -0.07289   0.08754   2.46452  
 28 14.4566  11993.404312  x:  1.64570   0.22023   0.27155   0.04642   0.02964   0.03590   0.00032   0.02420   0.03305   0.02649   0.16515   0.24234   0.05974   0.05399   0.22810   0.37775   0.41593   0.23496   0.21564   0.23206   0.52484   2.30472   0.63393   1.35026   1.16556   0.55213   0.00241   0.08355   2.41831  
 29 22.2702  11984.249001  x:  1.74444   0.22301   0.26240   0.04203   0.02967   0.02882   0.00031   0.02413   0.03550   0.04252   0.16696   0.24888   0.06314   0.05319   0.23331   0.39060   0.45915   0.24353   0.22046   0.24000   0.51441   2.43609   0.72061   1.51826   1.47517   1.00266   0.55965   0.07580   1.82900  
 30  2.9497  11973.402458  x:  1.87204   0.23578   0.24329   0.04447   0.02622   0.02079   0.00030   0.02433   0.03854   0.08271   0.17172   0.26432   0.06773   0.05358   0.23540   0.40828   0.51312   0.26548   0.22881   0.28260   0.56178   2.56467   0.59381   1.27025   1.03229   0.56343   0.17905   0.06479   1.98116  
 31  4.2029  11967.795436  x:  2.01389   0.22959   0.27141   0.06329   0.02583   0.01773   0.00033   0.02798   0.04376   0.06103   0.17753   0.27905   0.06494   0.05279   0.24398   0.42528   0.54679   0.27722   0.23709   0.30220   0.57904   2.73649   0.64944   1.40086   1.27736   0.68614   0.34750   0.06943   2.59266  
 32  0.7486  11964.828751  x:  2.15332   0.20667   0.28507   0.05901   0.02376   0.02096   0.00038   0.02706   0.04746   0.05877   0.17815   0.27693   0.06571   0.04962   0.24509   0.42319   0.56207   0.27560   0.23397   0.29169   0.56536   2.87054   0.64349   1.47535   1.31936   0.24694  -0.08997   0.06695   1.88586  
 33  1.2326  11962.180038  x:  2.26124   0.19095   0.27937   0.04496   0.02311   0.02472   0.00045   0.02474   0.05363   0.06549   0.17596   0.27473   0.06549   0.04952   0.24364   0.41796   0.58132   0.27014   0.23009   0.28814   0.56822   3.00360   0.62178   1.51083   1.26504   0.52999   0.19002   0.06494   2.52784  
 34  0.8551  11960.825589  x:  2.34912   0.19148   0.27687   0.04687   0.02789   0.02271   0.00051   0.02642   0.05937   0.06140   0.17695   0.27640   0.06326   0.05159   0.24218   0.42222   0.59121   0.27173   0.22880   0.28118   0.57475   3.06974   0.59000   1.51146   1.16119   0.57227   0.23515   0.06559   2.24730  
 35  0.2036  11958.917355  x:  2.39947   0.19782   0.27372   0.04211   0.02370   0.01953   0.00068   0.02661   0.06874   0.05282   0.18156   0.28706   0.07107   0.05264   0.24374   0.43172   0.61211   0.27949   0.23036   0.28753   0.58958   3.08451   0.60502   1.52730   1.22668   0.43151   0.13009   0.05722   2.21119  
 36  0.0659  11955.052686  x:  2.32915   0.19340   0.28210   0.04168   0.01772   0.02002   0.00108   0.02938   0.08588   0.06423   0.18357   0.28371   0.06755   0.05600   0.24665   0.42823   0.60789   0.28458   0.23705   0.28969   0.59354   2.90986   0.60689   1.44207   1.21654   0.45147   0.11819   0.06973   2.38426  
 37  0.0900  11953.015151  x:  2.25041   0.18535   0.28234   0.03682   0.02132   0.01622   0.00134   0.02988   0.09368   0.06843   0.17673   0.27348   0.06317   0.05327   0.24264   0.41658   0.58166   0.27282   0.23301   0.27627   0.56978   2.86064   0.60988   1.43201   1.19776   0.53270   0.22578   0.06342   2.18930  
 38  0.1631  11951.670262  x:  2.16240   0.20951   0.27473   0.03690   0.01850   0.01557   0.00164   0.02538   0.09989   0.05815   0.17509   0.28183   0.06876   0.05023   0.24008   0.42104   0.55862   0.26583   0.22666   0.28103   0.55775   2.86736   0.62613   1.49339   1.20427   0.52283   0.17169   0.06388   2.22393  
 39  0.0495  11950.239266  x:  2.12194   0.22407   0.28131   0.03908   0.02202   0.01656   0.00193   0.02015   0.10014   0.06042   0.18087   0.27674   0.06439   0.05117   0.24161   0.42185   0.54458   0.27304   0.23091   0.28929   0.56301   2.93660   0.60425   1.44177   1.18739   0.45073   0.13539   0.06620   2.29458  
 40  0.0538  11947.310190  x:  2.16928   0.21558   0.29056   0.04118   0.02046   0.01114   0.00252   0.02290   0.09153   0.07325   0.17812   0.27143   0.06519   0.04178   0.24626   0.41866   0.55790   0.28213   0.23968   0.28753   0.59812   2.99719   0.60292   1.47149   1.22029   0.59821   0.26874   0.06664   2.32728  
 41  0.0512  11942.017699  x:  2.21482   0.20716   0.27747   0.04420   0.02025   0.02048   0.00371   0.02150   0.06221   0.07884   0.16929   0.27845   0.06444   0.04526   0.24355   0.41493   0.56914   0.27579   0.23694   0.27529   0.61802   2.99554   0.62786   1.52513   1.27227   0.68650   0.32824   0.06778   2.38514  
 42  0.0589  11936.879323  x:  2.15660   0.21471   0.26333   0.04740   0.02024   0.01393   0.00565   0.02253   0.06222   0.05873   0.17835   0.28729   0.06605   0.05647   0.23875   0.42609   0.56760   0.26777   0.22547   0.28303   0.56972   2.87019   0.61596   1.44735   1.21421   0.35371   0.01404   0.06397   2.20879  
 43  0.2378  11933.369155  x:  2.24586   0.18703   0.29117   0.04641   0.01864   0.01168   0.00873   0.02435   0.06308   0.05757   0.18073   0.26470   0.06645   0.05191   0.24320   0.41772   0.56974   0.27180   0.22927   0.27800   0.55113   2.94798   0.58142   1.44916   1.13028   0.62421   0.29754   0.06469   2.22651  
 44  0.1487  11930.878638  x:  2.25617   0.19678   0.26820   0.04205   0.02066   0.01509   0.01240   0.02354   0.06417   0.06215   0.17119   0.27929   0.06083   0.05100   0.24165   0.41869   0.58361   0.27407   0.23154   0.28721   0.57299   2.95290   0.63300   1.49769   1.23715   0.53883   0.18450   0.06905   2.34398  
 45  0.0901  11929.527290  x:  2.21487   0.20342   0.27777   0.04806   0.01908   0.01448   0.01610   0.02317   0.06854   0.06115   0.17779   0.28131   0.06859   0.05137   0.24146   0.42275   0.57424   0.27273   0.23170   0.28978   0.57101   2.90930   0.61506   1.45390   1.20947   0.47528   0.15917   0.06397   2.27629  
 46  0.0705  11929.138033  x:  2.23232   0.19918   0.27773   0.04447   0.02098   0.01362   0.01878   0.02393   0.06731   0.06361   0.17884   0.27787   0.06558   0.05152   0.24320   0.42240   0.57767   0.27416   0.23145   0.28604   0.57144   2.92706   0.60514   1.46643   1.19473   0.50766   0.17778   0.06466   2.24611  
 47  0.0349  11929.078747  x:  2.22634   0.20122   0.27727   0.04514   0.01999   0.01426   0.01991   0.02392   0.06709   0.06240   0.17750   0.27885   0.06536   0.05137   0.24327   0.42285   0.57676   0.27401   0.23132   0.28515   0.57244   2.92713   0.61012   1.46773   1.20269   0.51600   0.19369   0.06479   2.27296  
 48  0.0243  11929.074637  x:  2.22442   0.20174   0.27746   0.04515   0.02009   0.01408   0.02016   0.02386   0.06716   0.06216   0.17759   0.27883   0.06574   0.05160   0.24297   0.42290   0.57644   0.27391   0.23132   0.28524   0.57218   2.92797   0.61005   1.46770   1.20175   0.50883   0.18474   0.06501   2.26907  
 49  0.0113  11929.074494  x:  2.22430   0.20165   0.27749   0.04517   0.02008   0.01408   0.02019   0.02386   0.06710   0.06226   0.17763   0.27872   0.06567   0.05165   0.24294   0.42272   0.57621   0.27384   0.23137   0.28515   0.57217   2.92864   0.60972   1.46724   1.20116   0.50935   0.18544   0.06498   2.26879  
 50  0.0013  11929.074485  x:  2.22414   0.20173   0.27744   0.04516   0.02008   0.01408   0.02018   0.02387   0.06710   0.06227   0.17762   0.27872   0.06568   0.05166   0.24293   0.42268   0.57605   0.27381   0.23137   0.28515   0.57219   2.92884   0.60979   1.46728   1.20128   0.50964   0.18559   0.06499   2.26915  
 51  0.0004  11929.074484  x:  2.22408   0.20176   0.27745   0.04516   0.02008   0.01408   0.02018   0.02387   0.06710   0.06227   0.17762   0.27872   0.06568   0.05166   0.24293   0.42269   0.57602   0.27382   0.23137   0.28516   0.57220   2.92886   0.60978   1.46726   1.20129   0.50951   0.18546   0.06499   2.26912  
 52  0.0001  11929.074484  x:  2.22406   0.20176   0.27745   0.04516   0.02008   0.01408   0.02018   0.02387   0.06710   0.06227   0.17762   0.27872   0.06568   0.05166   0.24293   0.42270   0.57602   0.27382   0.23137   0.28516   0.57220   2.92887   0.60978   1.46727   1.20128   0.50954   0.18550   0.06499   2.26914  
 53  0.0000  11929.074484  x:  2.22405   0.20176   0.27745   0.04516   0.02008   0.01408   0.02018   0.02387   0.06710   0.06227   0.17762   0.27872   0.06568   0.05166   0.24293   0.42270   0.57602   0.27382   0.23137   0.28516   0.57220   2.92887   0.60978   1.46728   1.20128   0.50954   0.18550   0.06499   2.26914  
 54  0.0000  11929.074484  x:  2.22405   0.20176   0.27745   0.04516   0.02008   0.01408   0.02018   0.02387   0.06710   0.06227   0.17762   0.27872   0.06568   0.05166   0.24293   0.42270   0.57602   0.27382   0.23137   0.28516   0.57220   2.92887   0.60978   1.46728   1.20128   0.50954   0.18550   0.06499   2.26914  
 55  0.0000  11929.074484  x:  2.22405   0.20176   0.27745   0.04516   0.02008   0.01408   0.02018   0.02387   0.06710   0.06227   0.17762   0.27872   0.06568   0.05166   0.24293   0.42270   0.57602   0.27382   0.23137   0.28516   0.57220   2.92887   0.60978   1.46728   1.20128   0.50954   0.18550   0.06499   2.26914  
 56  0.0000  11929.074484  x:  2.22405   0.20176   0.27745   0.04516   0.02008   0.01408   0.02018   0.02387   0.06710   0.06227   0.17762   0.27872   0.06568   0.05166   0.24293   0.42270   0.57602   0.27382   0.23137   0.28516   0.57220   2.92887   0.60978   1.46728   1.20128   0.50954   0.18550   0.06499   2.26914  