Supplemental results for CODEML (seqf: ../../../Mx_aln.phy  treef: ../../../Mx_branch_outgroup.tree)

I	J	ij	2Ns_IJ	pMut_IJ	pSub_IJ	2Ns_JI	pMut_JI	pSub_JI

TTC	TTT	CT	0.61383	0.03144	0.04207	-0.61383	0.05808	0.04207	0.04207	0.04207
TTA	TTT	AT	2.19778	0.00320	0.00792	-2.19778	0.02885	0.00792	0.00396	0.00396
TTA	TTC	AC	1.58395	0.00650	0.01295	-1.58395	0.03168	0.01295	0.00648	0.00648
TTG	TTT	GT	0.78284	0.00779	0.01124	-0.78284	0.01705	0.01124	0.00562	0.00562
TTG	TTC	GC	0.16901	0.01581	0.01718	-0.16901	0.01872	0.01718	0.00859	0.00859
TTG	TTA	GA	-1.41494	0.04855	0.02205	1.41494	0.01180	0.02205	0.02205	0.02205
TCT	TTT	CT	1.43855	0.01378	0.02599	-1.43855	0.05808	0.02599	0.01300	0.01300
TCC	TTC	CT	1.10572	0.02110	0.03488	-1.10572	0.06376	0.03488	0.01744	0.01744
TCC	TCT	CT	0.28100	0.02110	0.02421	-0.28100	0.02795	0.02421	0.02421	0.02421
TCA	TTA	CT	0.32902	0.01163	0.01365	-0.32902	0.01616	0.01365	0.00682	0.00682
TCA	TCT	AT	1.08825	0.00468	0.00767	-1.08825	0.01389	0.00767	0.00767	0.00767
TCA	TCC	AC	0.80725	0.00948	0.01382	-0.80725	0.02126	0.01382	0.01382	0.01382
TCG	TTG	CT	1.80570	0.00646	0.01396	-1.80570	0.03931	0.01396	0.00698	0.00698
TCG	TCT	GT	1.14998	0.00260	0.00437	-1.14998	0.00821	0.00437	0.00437	0.00437
TCG	TCC	GC	0.86898	0.00527	0.00789	-0.86898	0.01256	0.00789	0.00789	0.00789
TCG	TCA	GA	0.06173	0.01618	0.01669	-0.06173	0.01721	0.01669	0.01669	0.01669
TAT	TTT	AT	1.57459	0.00598	0.01187	-1.57459	0.02885	0.01187	0.00593	0.00593
TAT	TCT	AC	0.13604	0.01212	0.01296	-0.13604	0.01389	0.01296	0.00648	0.00648
TAC	TTC	AT	1.14837	0.01005	0.01689	-1.14837	0.03168	0.01689	0.00845	0.00845
TAC	TCC	AC	0.04264	0.02037	0.02081	-0.04264	0.02126	0.02081	0.01041	0.01041
TAC	TAT	CT	0.18760	0.02498	0.02740	-0.18760	0.03013	0.02740	0.02740	0.02740
TGT	TTT	GT	1.72730	0.00303	0.00637	-1.72730	0.01705	0.00637	0.00318	0.00318
TGT	TCT	GC	0.28875	0.00615	0.00708	-0.28875	0.00821	0.00708	0.00354	0.00354
TGT	TAT	GA	0.15271	0.01888	0.02036	-0.15271	0.02200	0.02036	0.01018	0.01018
TGC	TTC	GT	1.11322	0.00615	0.01019	-1.11322	0.01872	0.01019	0.00510	0.00510
TGC	TCC	GC	0.00750	0.01247	0.01252	-0.00750	0.01256	0.01252	0.00626	0.00626
TGC	TAC	GA	-0.03514	0.03830	0.03763	0.03514	0.03698	0.03763	0.01882	0.01882
TGC	TGT	CT	-0.00025	0.01529	0.01529	0.00025	0.01529	0.01529	0.01529	0.01529
TGG	TTG	GT	1.13091	0.00372	0.00622	-1.13091	0.01154	0.00622	0.00311	0.00311
TGG	TCG	GC	-0.67479	0.00755	0.00529	0.67479	0.00385	0.00529	0.00264	0.00264
TGG	TGT	GT	0.18644	0.00372	0.00408	-0.18644	0.00449	0.00408	0.00204	0.00204
TGG	TGC	GC	0.18669	0.00755	0.00828	-0.18669	0.00910	0.00828	0.00414	0.00414
CTT	TTT	CT	1.03308	0.02067	0.03316	-1.03308	0.05808	0.03316	0.01658	0.01658
CTC	TTC	CT	0.87851	0.02649	0.03980	-0.87851	0.06376	0.03980	0.01990	0.01990
CTC	CTT	CT	0.45925	0.02649	0.03303	-0.45925	0.04193	0.03303	0.03303	0.03303
CTA	TTA	CT	0.42618	0.01055	0.01296	-0.42618	0.01616	0.01296	0.01296	0.01296
CTA	CTT	AT	1.59088	0.00424	0.00848	-1.59088	0.02083	0.00848	0.00848	0.00848
CTA	CTC	AC	1.13163	0.00861	0.01438	-1.13163	0.02669	0.01438	0.01438	0.01438
CTG	TTG	CT	-0.81897	0.08915	0.05757	0.81897	0.03931	0.05757	0.05757	0.05757
CTG	CTT	GT	-1.06922	0.03585	0.02004	1.06922	0.01231	0.02004	0.02004	0.02004
CTG	CTC	GC	-1.52847	0.07271	0.03078	1.52847	0.01577	0.03078	0.03078	0.03078
CTG	CTA	GA	-2.66010	0.22334	0.04468	2.66010	0.01562	0.04468	0.04468	0.04468
CCT	TCT	CT	0.36616	0.01938	0.02315	-0.36616	0.02795	0.02315	0.01157	0.01157
CCT	CTT	CT	0.77162	0.01938	0.02781	-0.77162	0.04193	0.02781	0.01391	0.01391
CCC	TCC	CT	0.92260	0.01701	0.02605	-0.92260	0.04280	0.02605	0.01302	0.01302
CCC	CTC	CT	1.14982	0.01701	0.02863	-1.14982	0.05372	0.02863	0.01431	0.01431
CCC	CCT	CT	0.83744	0.01701	0.02512	-0.83744	0.03931	0.02512	0.02512	0.02512
CCA	TCA	CT	0.43339	0.01529	0.01884	-0.43339	0.02358	0.01884	0.00942	0.00942
CCA	CTA	CT	0.33622	0.01529	0.01800	-0.33622	0.02140	0.01800	0.00900	0.00900
CCA	CCT	AT	1.15548	0.00615	0.01037	-1.15548	0.01953	0.01037	0.01037	0.01037
CCA	CCC	AC	0.31803	0.01247	0.01456	-0.31803	0.01714	0.01456	0.01456	0.01456
CCG	TCG	CT	1.01724	0.00474	0.00755	-1.01724	0.01310	0.00755	0.00377	0.00377
CCG	CTG	CT	3.64191	0.00474	0.01772	-3.64191	0.18081	0.01772	0.00886	0.00886
CCG	CCT	GT	1.80106	0.00191	0.00411	-1.80106	0.01154	0.00411	0.00411	0.00411
CCG	CCC	GC	0.96362	0.00386	0.00602	-0.96362	0.01013	0.00602	0.00602	0.00602
CCG	CCA	GA	0.64559	0.01187	0.01611	-0.64559	0.02263	0.01611	0.01611	0.01611
CAT	TAT	CT	0.93386	0.01184	0.01822	-0.93386	0.03013	0.01822	0.00911	0.00911
CAT	CTT	AT	1.47536	0.00476	0.00911	-1.47536	0.02083	0.00911	0.00456	0.00456
CAT	CCT	AC	0.70374	0.00966	0.01345	-0.70374	0.01953	0.01345	0.00673	0.00673
CAC	TAC	CT	0.66488	0.02606	0.03567	-0.66488	0.05066	0.03567	0.01784	0.01784
CAC	CTC	AT	0.93474	0.01048	0.01613	-0.93474	0.02669	0.01613	0.00806	0.00806
CAC	CCC	AC	-0.21508	0.02125	0.01905	0.21508	0.01714	0.01905	0.00952	0.00952
CAC	CAT	CT	-0.08137	0.02606	0.02501	0.08137	0.02402	0.02501	0.02501	0.02501
CAA	CTA	AT	-0.01814	0.01083	0.01073	0.01814	0.01063	0.01073	0.00536	0.00536
CAA	CCA	AC	-0.35437	0.02195	0.01829	0.35437	0.01540	0.01829	0.00915	0.00915
CAA	CAT	AT	0.09737	0.01083	0.01136	-0.09737	0.01193	0.01136	0.00568	0.00568
CAA	CAC	AC	0.17874	0.02195	0.02398	-0.17874	0.02625	0.02398	0.01199	0.01199
CAG	CTG	AT	1.05811	0.03118	0.05053	-1.05811	0.08982	0.05053	0.02526	0.02526
CAG	CCG	AC	-2.58380	0.06323	0.01334	2.58380	0.00477	0.01334	0.00667	0.00667
CAG	CAT	GT	-1.48647	0.03118	0.01355	1.48647	0.00705	0.01355	0.00677	0.00677
CAG	CAC	GC	-1.40510	0.06323	0.02888	1.40510	0.01551	0.02888	0.01444	0.01444
CAG	CAA	GA	-1.58384	0.19421	0.07941	1.58384	0.03985	0.07941	0.07941	0.07941
CGT	TGT	CT	1.17139	0.00474	0.00804	-1.17139	0.01529	0.00804	0.00402	0.00402
CGT	CTT	GT	1.86560	0.00191	0.00421	-1.86560	0.01231	0.00421	0.00210	0.00210
CGT	CCT	GC	1.09398	0.00386	0.00636	-1.09398	0.01154	0.00636	0.00318	0.00318
CGT	CAT	GA	0.39024	0.01187	0.01433	-0.39024	0.01753	0.01433	0.00717	0.00717
CGC	TGC	CT	1.09856	0.01034	0.01703	-1.09856	0.03101	0.01703	0.00852	0.00852
CGC	CTC	GT	1.33328	0.00416	0.00753	-1.33328	0.01577	0.00753	0.00376	0.00376
CGC	CCC	GC	0.18346	0.00843	0.00923	-0.18346	0.01013	0.00923	0.00461	0.00461
CGC	CAC	GA	0.39854	0.02589	0.03140	-0.39854	0.03857	0.03140	0.01570	0.01570
CGC	CGT	CT	-0.07308	0.01034	0.00996	0.07308	0.00961	0.00996	0.00996	0.00996
CGA	CTA	GT	0.78761	0.00286	0.00413	-0.78761	0.00628	0.00413	0.00206	0.00206
CGA	CCA	GC	0.45139	0.00580	0.00720	-0.45139	0.00910	0.00720	0.00360	0.00360
CGA	CAA	GA	0.80575	0.01780	0.02593	-0.80575	0.03985	0.02593	0.01296	0.01296
CGA	CGT	AT	0.51288	0.00286	0.00365	-0.51288	0.00477	0.00365	0.00365	0.00365
CGA	CGC	AC	0.58596	0.00580	0.00766	-0.58596	0.01041	0.00766	0.00766	0.00766
CGG	TGG	CT	-0.21385	0.02326	0.02086	0.21385	0.01878	0.02086	0.01043	0.01043
CGG	CTG	GT	1.73603	0.00935	0.01971	-1.73603	0.05308	0.01971	0.00986	0.00986
CGG	CCG	GC	-1.90588	0.01897	0.00631	1.90588	0.00282	0.00631	0.00316	0.00316
CGG	CAG	GA	0.67792	0.05826	0.08023	-0.67792	0.11476	0.08023	0.04011	0.04011
CGG	CGT	GT	-1.19879	0.00935	0.00484	1.19879	0.00282	0.00484	0.00484	0.00484
CGG	CGC	GC	-1.12572	0.01897	0.01025	1.12572	0.00615	0.01025	0.01025	0.01025
CGG	CGA	GA	-1.71168	0.05826	0.02197	1.71168	0.01052	0.02197	0.02197	0.02197
ATT	TTT	AT	0.69070	0.01446	0.02003	-0.69070	0.02885	0.02003	0.01001	0.01001
ATT	CTT	AC	-0.34238	0.02933	0.02460	0.34238	0.02083	0.02460	0.01230	0.01230
ATC	TTC	AT	0.08484	0.02910	0.03035	-0.08484	0.03168	0.03035	0.01518	0.01518
ATC	CTC	AC	-0.79366	0.05901	0.03866	0.79366	0.02669	0.03866	0.01933	0.01933
ATC	ATT	CT	0.00797	0.07235	0.07264	-0.00797	0.07293	0.07264	0.07264	0.07264
ATA	TTA	AT	-0.16208	0.00944	0.00870	0.16208	0.00803	0.00870	0.00435	0.00435
ATA	CTA	AC	-0.58826	0.01914	0.01406	0.58826	0.01063	0.01406	0.00703	0.00703
ATA	ATT	AT	1.34499	0.00944	0.01717	-1.34499	0.03623	0.01717	0.01717	0.01717
ATA	ATC	AC	1.33703	0.01914	0.03471	-1.33703	0.07290	0.03471	0.03471	0.03471
ATG	TTG	AT	0.52032	0.01160	0.01488	-0.52032	0.01953	0.01488	0.00744	0.00744
ATG	CTG	AC	1.33929	0.02354	0.04271	-1.33929	0.08982	0.04271	0.02136	0.02136
ATG	ATT	GT	0.61245	0.01160	0.01552	-0.61245	0.02141	0.01552	0.00776	0.00776
ATG	ATC	GC	0.60449	0.02354	0.03136	-0.60449	0.04308	0.03136	0.01568	0.01568
ATG	ATA	GA	-0.73254	0.07229	0.04902	0.73254	0.03475	0.04902	0.02451	0.02451
ACT	TCT	AT	0.70778	0.00684	0.00955	-0.70778	0.01389	0.00955	0.00477	0.00477
ACT	CCT	AC	0.34163	0.01388	0.01638	-0.34163	0.01953	0.01638	0.00819	0.00819
ACT	ATT	CT	1.45563	0.01701	0.03230	-1.45563	0.07293	0.03230	0.01615	0.01615
ACC	TCC	AT	0.59066	0.01178	0.01560	-0.59066	0.02126	0.01560	0.00780	0.00780
ACC	CCC	AC	-0.33194	0.02389	0.02014	0.33194	0.01714	0.02014	0.01007	0.01007
ACC	ATC	CT	1.61154	0.02929	0.05896	-1.61154	0.14674	0.05896	0.02948	0.02948
ACC	ACT	CT	0.16388	0.02929	0.03175	-0.16388	0.03450	0.03175	0.03175	0.03175
ACA	TCA	AT	0.21598	0.00944	0.01050	-0.21598	0.01172	0.01050	0.00525	0.00525
ACA	CCA	AC	-0.21740	0.01914	0.01714	0.21740	0.01540	0.01714	0.00857	0.00857
ACA	ATA	CT	0.70708	0.02347	0.03274	-0.70708	0.04760	0.03274	0.01637	0.01637
ACA	ACT	AT	0.59645	0.00944	0.01253	-0.59645	0.01714	0.01253	0.01253	0.01253
ACA	ACC	AC	0.43257	0.01914	0.02358	-0.43257	0.02951	0.02358	0.02358	0.02358
ACG	TCG	AT	0.44835	0.00416	0.00516	-0.44835	0.00651	0.00516	0.00258	0.00258
ACG	CCG	AC	-0.56889	0.00843	0.00626	0.56889	0.00477	0.00626	0.00313	0.00313
ACG	ATG	CT	1.73372	0.01034	0.02176	-1.73372	0.05852	0.02176	0.01088	0.01088
ACG	ACT	GT	0.89054	0.00416	0.00628	-0.89054	0.01013	0.00628	0.00628	0.00628
ACG	ACC	GC	0.72667	0.00843	0.01186	-0.72667	0.01744	0.01186	0.01186	0.01186
ACG	ACA	GA	0.29409	0.02589	0.02989	-0.29409	0.03475	0.02989	0.02989	0.02989
AAT	TAT	AT	0.05259	0.01420	0.01458	-0.05259	0.01497	0.01458	0.00729	0.00729
AAT	CAT	AC	-0.88127	0.02880	0.01795	0.88127	0.01193	0.01795	0.00898	0.00898
AAT	ATT	AT	0.93648	0.01420	0.02188	-0.93648	0.03623	0.02188	0.01094	0.01094
AAT	ACT	AC	-0.51915	0.02880	0.02197	0.51915	0.01714	0.02197	0.01099	0.01099
AAC	TAC	AT	0.89282	0.01031	0.01558	-0.89282	0.02517	0.01558	0.00779	0.00779
AAC	CAC	AC	0.22793	0.02090	0.02337	-0.22793	0.02625	0.02337	0.01169	0.01169
AAC	ATC	AT	1.95634	0.01031	0.02348	-1.95634	0.07290	0.02348	0.01174	0.01174
AAC	ACC	AC	0.34480	0.02090	0.02471	-0.34480	0.02951	0.02471	0.01236	0.01236
AAC	AAT	CT	1.02783	0.02563	0.04101	-1.02783	0.07162	0.04101	0.04101	0.04101
AAA	CAA	AC	-0.54767	0.04690	0.03522	0.54767	0.02712	0.03522	0.01761	0.01761
AAA	ATA	AT	0.02245	0.02312	0.02338	-0.02245	0.02365	0.02338	0.01169	0.01169
AAA	ACA	AC	-0.68463	0.04690	0.03266	0.68463	0.02365	0.03266	0.01633	0.01633
AAA	AAT	AT	0.43097	0.02312	0.02846	-0.43097	0.03558	0.02846	0.01423	0.01423
AAA	AAC	AC	-0.59686	0.04690	0.03428	0.59686	0.02582	0.03428	0.01714	0.01714
AAG	CAG	AC	0.18117	0.06516	0.07124	-0.18117	0.07810	0.07124	0.03562	0.03562
AAG	ATG	AT	-0.10001	0.03213	0.03055	0.10001	0.02907	0.03055	0.01527	0.01527
AAG	ACG	AC	-1.83374	0.06516	0.02273	1.83374	0.01041	0.02273	0.01136	0.01136
AAG	AAT	GT	-0.42404	0.03213	0.02580	0.42404	0.02103	0.02580	0.01290	0.01290
AAG	AAC	GC	-1.45186	0.06516	0.02892	1.45186	0.01526	0.02892	0.01446	0.01446
AAG	AAA	GA	-0.85501	0.20014	0.12663	0.85501	0.08512	0.12663	0.12663	0.12663
AGT	TGT	AT	0.00779	0.00753	0.00756	-0.00779	0.00759	0.00756	0.00378	0.00378
AGT	CGT	AC	-1.16360	0.01528	0.00808	1.16360	0.00477	0.00808	0.00404	0.00404
AGT	ATT	GT	1.04438	0.00753	0.01214	-1.04438	0.02141	0.01214	0.00607	0.00607
AGT	ACT	GC	-0.41125	0.01528	0.01235	0.41125	0.01013	0.01235	0.00618	0.00618
AGT	AAT	GA	0.10791	0.04693	0.04951	-0.10791	0.05228	0.04951	0.02476	0.02476
AGC	TGC	AT	0.15059	0.01325	0.01427	-0.15059	0.01540	0.01427	0.00714	0.00714
AGC	CGC	AC	-0.94797	0.02687	0.01612	0.94797	0.01041	0.01612	0.00806	0.00806
AGC	ATC	GT	1.17897	0.01325	0.02256	-1.17897	0.04308	0.02256	0.01128	0.01128
AGC	ACC	GC	-0.43257	0.02687	0.02148	0.43257	0.01744	0.02148	0.01074	0.01074
AGC	AAC	GA	-0.77737	0.08254	0.05457	0.77737	0.03794	0.05457	0.02729	0.02729
AGC	AGT	CT	0.14255	0.03295	0.03535	-0.14255	0.03800	0.03535	0.03535	0.03535
AGA	CGA	AC	-1.19007	0.02354	0.01225	1.19007	0.00716	0.01225	0.01225	0.01225
AGA	ATA	GT	0.18580	0.01160	0.01272	-0.18580	0.01397	0.01272	0.00636	0.00636
AGA	ACA	GC	-0.52128	0.02354	0.01793	0.52128	0.01397	0.01793	0.00897	0.00897
AGA	AAA	GA	0.16336	0.07229	0.07835	-0.16336	0.08512	0.07835	0.03918	0.03918
AGA	AGT	AT	0.48642	0.01160	0.01466	-0.48642	0.01887	0.01466	0.00733	0.00733
AGA	AGC	AC	0.34386	0.02354	0.02781	-0.34386	0.03319	0.02781	0.01391	0.01391
AGG	TGG	AT	0.26071	0.00719	0.00817	-0.26071	0.00933	0.00817	0.00408	0.00408
AGG	CGG	AC	0.47456	0.01458	0.01831	-0.47456	0.02343	0.01831	0.01831	0.01831
AGG	ATG	GT	0.87130	0.00719	0.01077	-0.87130	0.01718	0.01077	0.00538	0.00538
AGG	ACG	GC	-0.86243	0.01458	0.00918	0.86243	0.00615	0.00918	0.00459	0.00459
AGG	AAG	GA	0.97131	0.04478	0.06999	-0.97131	0.11827	0.06999	0.03499	0.03499
AGG	AGT	GT	0.43936	0.00719	0.00888	-0.43936	0.01115	0.00888	0.00444	0.00444
AGG	AGC	GC	0.29681	0.01458	0.01685	-0.29681	0.01962	0.01685	0.00842	0.00842
AGG	AGA	GA	-0.04705	0.04478	0.04373	0.04705	0.04272	0.04373	0.04373	0.04373
GTT	TTT	GT	1.17177	0.00528	0.00897	-1.17177	0.01705	0.00897	0.00448	0.00448
GTT	CTT	GC	0.13869	0.01071	0.01147	-0.13869	0.01231	0.01147	0.00574	0.00574
GTT	ATT	GA	0.48107	0.03291	0.04145	-0.48107	0.05324	0.04145	0.02073	0.02073
GTC	TTC	GT	0.53962	0.01091	0.01412	-0.53962	0.01872	0.01412	0.00706	0.00706
GTC	CTC	GC	-0.33888	0.02213	0.01859	0.33888	0.01577	0.01859	0.00930	0.00930
GTC	ATC	GA	0.45478	0.06797	0.08460	-0.45478	0.10711	0.08460	0.04230	0.04230
GTC	GTT	CT	-0.01833	0.02713	0.02689	0.01833	0.02664	0.02689	0.02689	0.02689
GTA	TTA	GT	0.24201	0.00372	0.00419	-0.24201	0.00474	0.00419	0.00210	0.00210
GTA	CTA	GC	-0.18417	0.00755	0.00688	0.18417	0.00628	0.00688	0.00344	0.00344
GTA	ATA	GA	0.40410	0.02320	0.02820	-0.40410	0.03475	0.02820	0.01410	0.01410
GTA	GTT	AT	1.26802	0.00372	0.00657	-1.26802	0.01323	0.00657	0.00657	0.00657
GTA	GTC	AC	1.28635	0.00755	0.01342	-1.28635	0.02734	0.01342	0.01342	0.01342
GTG	TTG	GT	-0.62132	0.02148	0.01549	0.62132	0.01154	0.01549	0.00775	0.00775
GTG	CTG	GC	0.19765	0.04356	0.04800	-0.19765	0.05308	0.04800	0.02400	0.02400
GTG	ATG	GA	-1.14164	0.13379	0.07164	1.14164	0.04272	0.07164	0.03582	0.03582
GTG	GTT	GT	-1.01026	0.02148	0.01242	1.01026	0.00782	0.01242	0.01242	0.01242
GTG	GTC	GC	-0.99193	0.04356	0.02547	0.99193	0.01615	0.02547	0.02547	0.02547
GTG	GTA	GA	-2.27828	0.13379	0.03480	2.27828	0.01371	0.03480	0.03480	0.03480
GCT	TCT	GT	-0.49225	0.01342	0.01039	0.49225	0.00821	0.01039	0.00519	0.00519
GCT	CCT	GC	-0.85840	0.02722	0.01719	0.85840	0.01154	0.01719	0.00860	0.00860
GCT	ACT	GA	-1.20003	0.08362	0.04325	1.20003	0.02518	0.04325	0.02162	0.02162
GCT	GTT	CT	-0.22547	0.03338	0.02976	0.22547	0.02664	0.02976	0.01488	0.01488
GCC	TCC	GT	-0.19322	0.01524	0.01382	0.19322	0.01256	0.01382	0.00691	0.00691
GCC	CCC	GC	-1.11582	0.03091	0.01681	1.11582	0.01013	0.01681	0.00840	0.00840
GCC	ACC	GA	-0.78388	0.09495	0.06255	0.78388	0.04336	0.06255	0.03127	0.03127
GCC	GTC	CT	0.37288	0.03790	0.04540	-0.37288	0.05503	0.04540	0.02270	0.02270
GCC	GCT	CT	0.58002	0.03790	0.04995	-0.58002	0.06769	0.04995	0.04995	0.04995
GCA	TCA	GT	-0.17260	0.00823	0.00754	0.17260	0.00692	0.00754	0.00377	0.00377
GCA	CCA	GC	-0.60598	0.01669	0.01214	0.60598	0.00910	0.01214	0.00607	0.00607
GCA	ACA	GA	-0.38858	0.05125	0.04194	0.38858	0.03475	0.04194	0.02097	0.02097
GCA	GTA	CT	-0.08559	0.02046	0.01959	0.08559	0.01878	0.01959	0.00980	0.00980
GCA	GCT	AT	1.40790	0.00823	0.01533	-1.40790	0.03363	0.01533	0.01533	0.01533
GCA	GCC	AC	0.82787	0.01669	0.02453	-0.82787	0.03818	0.02453	0.02453	0.02453
GCG	TCG	GT	0.70245	0.00191	0.00265	-0.70245	0.00385	0.00265	0.00133	0.00133
GCG	CCG	GC	-0.31479	0.00386	0.00329	0.31479	0.00282	0.00329	0.00164	0.00164
GCG	ACG	GA	0.25411	0.01187	0.01344	-0.25411	0.01530	0.01344	0.00672	0.00672
GCG	GTG	CT	3.12947	0.00474	0.01550	-3.12947	0.10831	0.01550	0.00775	0.00775
GCG	GCT	GT	2.34468	0.00191	0.00494	-2.34468	0.01987	0.00494	0.00494	0.00494
GCG	GCC	GC	1.76466	0.00386	0.00823	-1.76466	0.02256	0.00823	0.00823	0.00823
GCG	GCA	GA	0.93678	0.01187	0.01828	-0.93678	0.03028	0.01828	0.01828	0.01828
GAT	TAT	GT	-0.48558	0.01438	0.01117	0.48558	0.00885	0.01117	0.00558	0.00558
GAT	CAT	GC	-1.41944	0.02916	0.01320	1.41944	0.00705	0.01320	0.00660	0.00660
GAT	AAT	GA	-0.53817	0.08955	0.06761	0.53817	0.05228	0.06761	0.03380	0.03380
GAT	GTT	AT	-0.08277	0.01438	0.01379	0.08277	0.01323	0.01379	0.00689	0.00689
GAT	GCT	AC	0.14270	0.02916	0.03129	-0.14270	0.03363	0.03129	0.01564	0.01564
GAC	TAC	GT	-0.48890	0.02425	0.01880	0.48890	0.01487	0.01880	0.00940	0.00940
GAC	CAC	GC	-1.15379	0.04918	0.02615	1.15379	0.01551	0.02615	0.01307	0.01307
GAC	AAC	GA	-1.38172	0.15105	0.07000	1.38172	0.03794	0.07000	0.03500	0.03500
GAC	GTC	AT	0.11984	0.02425	0.02573	-0.11984	0.02734	0.02573	0.01287	0.01287
GAC	GCC	AC	-0.25304	0.04918	0.04322	0.25304	0.03818	0.04322	0.02161	0.02161
GAC	GAT	CT	0.18428	0.06030	0.06602	-0.18428	0.07250	0.06602	0.06602	0.06602
GAA	CAA	GC	-1.29161	0.05831	0.02854	1.29161	0.01603	0.02854	0.01427	0.01427
GAA	AAA	GA	-0.74394	0.17910	0.12067	0.74394	0.08512	0.12067	0.06033	0.06033
GAA	GTA	AT	-1.12559	0.02875	0.01554	1.12559	0.00933	0.01554	0.00777	0.00777
GAA	GCA	AC	-1.03999	0.05831	0.03315	1.03999	0.02061	0.03315	0.01658	0.01658
GAA	GAT	AT	0.22520	0.02875	0.03211	-0.22520	0.03601	0.03211	0.01606	0.01606
GAA	GAC	AC	0.04092	0.05831	0.05951	-0.04092	0.06075	0.05951	0.02976	0.02976
GAG	CAG	GC	-0.48781	0.07517	0.05832	0.48781	0.04615	0.05832	0.02916	0.02916
GAG	AAG	GA	-0.66897	0.23089	0.16221	0.66897	0.11827	0.16221	0.08110	0.08110
GAG	GTG	AT	0.37265	0.03707	0.04440	-0.37265	0.05380	0.04440	0.02220	0.02220
GAG	GCG	AC	-2.75681	0.07517	0.01405	2.75681	0.00477	0.01405	0.00703	0.00703
GAG	GAT	GT	-0.55484	0.03707	0.02773	0.55484	0.02128	0.02773	0.01386	0.01386
GAG	GAC	GC	-0.73912	0.07517	0.05078	0.73912	0.03590	0.05078	0.02539	0.02539
GAG	GAA	GA	-0.78004	0.23089	0.15243	0.78004	0.10584	0.15243	0.15243	0.15243
GGT	TGT	GT	-0.12989	0.00511	0.00478	0.12989	0.00449	0.00478	0.00239	0.00239
GGT	CGT	GC	-1.30128	0.01036	0.00504	1.30128	0.00282	0.00504	0.00252	0.00252
GGT	AGT	GA	-0.13768	0.03183	0.02969	0.13768	0.02773	0.02969	0.01484	0.01484
GGT	GTT	GT	0.42563	0.00511	0.00627	-0.42563	0.00782	0.00627	0.00314	0.00314
GGT	GCT	GC	0.65110	0.01036	0.01410	-0.65110	0.01987	0.01410	0.00705	0.00705
GGT	GAT	GA	0.50840	0.03183	0.04060	-0.50840	0.05292	0.04060	0.02030	0.02030
GGC	TGC	GT	-0.15721	0.01065	0.00984	0.15721	0.00910	0.00984	0.00492	0.00492
GGC	CGC	GC	-1.25577	0.02160	0.01081	1.25577	0.00615	0.01081	0.00540	0.00540
GGC	AGC	GA	-0.30780	0.06635	0.05667	0.30780	0.04877	0.05667	0.02833	0.02833
GGC	GTC	GT	0.41639	0.01065	0.01302	-0.41639	0.01615	0.01302	0.00651	0.00651
GGC	GCC	GC	0.04351	0.02160	0.02208	-0.04351	0.02256	0.02208	0.01104	0.01104
GGC	GAC	GA	0.29655	0.06635	0.07668	-0.29655	0.08926	0.07668	0.03834	0.03834
GGC	GGT	CT	-0.02756	0.02649	0.02612	0.02756	0.02577	0.02612	0.02612	0.02612
GGA	CGA	GC	-1.34007	0.01616	0.00768	1.34007	0.00423	0.00768	0.00384	0.00384
GGA	AGA	GA	-0.15000	0.04963	0.04600	0.15000	0.04272	0.04600	0.02300	0.02300
GGA	GTA	GT	-0.36829	0.00797	0.00659	0.36829	0.00551	0.00659	0.00330	0.00330
GGA	GCA	GC	-0.28270	0.01616	0.01398	0.28270	0.01218	0.01398	0.00699	0.00699
GGA	GAA	GA	0.75729	0.04963	0.07077	-0.75729	0.10584	0.07077	0.03539	0.03539
GGA	GGT	AT	0.47410	0.00797	0.01000	-0.47410	0.01280	0.01000	0.01000	0.01000
GGA	GGC	AC	0.50166	0.01616	0.02055	-0.50166	0.02669	0.02055	0.02055	0.02055
GGG	TGG	GT	-0.41085	0.00831	0.00672	0.41085	0.00551	0.00672	0.00336	0.00336
GGG	CGG	GC	-0.19700	0.01686	0.01525	0.19700	0.01385	0.01525	0.00763	0.00763
GGG	AGG	GA	-0.67156	0.05179	0.03633	0.67156	0.02646	0.03633	0.01817	0.01817
GGG	GTG	GT	1.34138	0.00831	0.01510	-1.34138	0.03179	0.01510	0.00755	0.00755
GGG	GCG	GC	-1.78809	0.01686	0.00606	1.78809	0.00282	0.00606	0.00303	0.00303
GGG	GAG	GA	0.96872	0.05179	0.08086	-0.96872	0.13644	0.08086	0.04043	0.04043
GGG	GGT	GT	-0.09451	0.00831	0.00793	0.09451	0.00756	0.00793	0.00793	0.00793
GGG	GGC	GC	-0.06695	0.01686	0.01630	0.06695	0.01577	0.01630	0.01630	0.01630
GGG	GGA	GA	-0.56861	0.05179	0.03845	0.56861	0.02933	0.03845	0.03845	0.03845


Histograms
2Ns	FMut	FSub(CodonUsage)	FSubw(after w)

-3.46848	0.01176	0.00133	0.00106
-3.12163	0.00705	0.00117	0.00093
-2.77479	0.01942	0.00442	0.00617
-2.42794	0.01411	0.00400	0.00554
-2.08109	0.00662	0.00236	0.00187
-1.73424	0.05178	0.02312	0.02561
-1.38739	0.06766	0.03609	0.03696
-1.04054	0.11630	0.07624	0.07245
-0.69370	0.17888	0.14216	0.14720
-0.34685	0.13728	0.13308	0.12242
0.00000	0.13162	0.15204	0.15960
0.34685	0.09764	0.13308	0.12242
0.69370	0.08820	0.14216	0.14720
1.04054	0.04095	0.07624	0.07245
1.38739	0.01687	0.03609	0.03696
1.73424	0.00971	0.02312	0.02561
2.08109	0.00088	0.00236	0.00187
2.42794	0.00133	0.00400	0.00554
2.77479	0.00133	0.00442	0.00617
3.12163	0.00031	0.00117	0.00093
3.46848	0.00031	0.00133	0.00106

Proportion of advantageous (S > 0) mutations:
 0.32041

Proportions of good & bad mutations (|S| > 2.0000) among mutations:
0.00348  0.05421

mean |Ns| = 0.84082	mean Ns+ = 0.60188	mean Ns- = -0.95347

