

TREE # 1

  0  0.0000  13172.305359  x:  0.39940   0.15165   0.20001   0.00418   0.05975   0.06441   0.03415   0.04895   0.11653   0.00000   0.11312   0.08522   0.05522   0.02658   0.15753   0.21390   0.14363   0.10602   0.14881   0.43880   0.12569   0.29731   0.58178   0.50032   0.48177   0.59964   0.41935   0.43996  
  1 99.0000  12909.759708  x:  0.42407   0.21390   0.23905   0.27445   0.00926   0.00333   0.00000   0.01401   0.09970   0.27691   0.16540   0.19780   0.07700   0.08983   0.19972   0.27148   0.22303   0.18741   0.19333   0.46320   0.19102   0.34640   0.71508   0.48653   0.48341   0.61940   0.36436   0.43427  
  2 3888.3439  12894.551959  x:  0.42480   0.21572   0.24019   0.28234   0.00779   0.00156   0.00006   0.01299   0.09921   0.28499   0.16692   0.20109   0.07764   0.09168   0.20095   0.27316   0.22534   0.18979   0.19463   0.46391   0.19293   0.34784   0.71897   0.48612   0.48345   0.61998   0.36275   0.43410  
  3 693120.5527  12865.407415  x:  0.42951   0.22567   0.24546   0.31701   0.00707   0.03987   0.00011   0.01323   0.09456   0.32227   0.17457   0.21795   0.07984   0.09874   0.20759   0.28244   0.23839   0.20249   0.20189   0.46854   0.20400   0.35653   0.74349   0.48347   0.48377   0.62381   0.35218   0.43301  
  4 8056.0699  12801.080451  x:  0.44758   0.24922   0.24970   0.33382   0.11664   0.05010   0.00007   0.07254   0.06600   0.35807   0.18648   0.24830   0.07334   0.08948   0.22182   0.30495   0.27240   0.22947   0.21977   0.48599   0.23516   0.38423   0.83008   0.47311   0.48519   0.63891   0.31092   0.42884  
  5 2294.2065  12649.461188  x:  0.48550   0.28237   0.24392   0.26900   0.10968   0.04608   0.00006   0.03393   0.00000   0.34308   0.19258   0.27669   0.05165   0.04218   0.23695   0.33756   0.32565   0.25993   0.24265   0.52210   0.28312   0.43243   0.99853   0.45149   0.48913   0.67141   0.23797   0.42067  
  6 1308.1901  12576.407318  x:  0.52507   0.31545   0.24190   0.19938   0.10312   0.04224   0.00006   0.00556   0.06190   0.32292   0.19696   0.30300   0.04945   0.01948   0.25046   0.37042   0.37927   0.28782   0.26315   0.55989   0.32873   0.47962   1.16857   0.42952   0.49380   0.70563   0.20079   0.41297  
  7 2670.2352  12455.863433  x:  0.59956   0.37325   0.23381   0.05704   0.02703   0.03092   0.00007   0.06623   0.09973   0.27974   0.20244   0.34679   0.08422   0.08612   0.27080   0.42811   0.47531   0.33184   0.29460   0.63155   0.40548   0.56226   1.47918   0.38934   0.50406   0.77090   0.22933   0.39996  
  8 2972.3860  12429.633196  x:  0.62276   0.38115   0.22766   0.04801   0.04364   0.03137   0.00006   0.03529   0.09254   0.27292   0.19789   0.35093   0.06934   0.08421   0.26419   0.43701   0.49573   0.32888   0.28641   0.65347   0.40969   0.57276   1.57373   0.38472   0.51689   0.79024   0.32045   0.39430  
  9 642.8449  12393.514826  x:  0.66526   0.34515   0.19482   0.12692   0.03352   0.03145   0.00006   0.04927   0.09798   0.23100   0.15282   0.31149   0.04827   0.07966   0.20720   0.41253   0.48914   0.25969   0.20709   0.69203   0.34175   0.53316   1.79339   0.41206   0.59225   0.81791   0.35202   0.35935  
 10 358.1538  12384.027764  x:  0.67603   0.32225   0.19644   0.13097   0.04608   0.03240   0.00006   0.03068   0.09255   0.22952   0.15435   0.30047   0.08866   0.09194   0.20461   0.40125   0.47690   0.24496   0.19411   0.70208   0.30538   0.50829   1.86297   0.43494   0.63072   0.82299   0.35579   0.33925  
 11 412.9969  12368.539177  x:  0.68835   0.26536   0.22700   0.11140   0.03861   0.03197   0.00006   0.04111   0.09536   0.25742   0.18734   0.28795   0.07969   0.07557   0.23199   0.37848   0.43953   0.24877   0.21240   0.71498   0.22808   0.45205   1.97285   0.49866   0.72259   0.82661   0.37657   0.28627  
 12 338.5310  12364.379353  x:  0.68700   0.23911   0.22889   0.10241   0.04379   0.03233   0.00006   0.03216   0.09640   0.26584   0.17435   0.28415   0.06117   0.09950   0.22430   0.36322   0.41677   0.25563   0.22182   0.71803   0.24284   0.46000   1.99417   0.53262   0.77696   0.83212   0.37644   0.24611  
 13 125.2332  12361.151242  x:  0.68494   0.22548   0.22788   0.10107   0.03873   0.03196   0.00006   0.03943   0.09664   0.27048   0.16391   0.28759   0.07564   0.07896   0.21700   0.35645   0.40106   0.25715   0.22166   0.72301   0.26975   0.47493   2.00048   0.56333   0.83673   0.84648   0.38680   0.19897  
 14 147.0074  12357.802401  x:  0.68846   0.25055   0.22441   0.10183   0.03907   0.03182   0.00006   0.03787   0.09672   0.25622   0.18004   0.29330   0.07061   0.08337   0.22681   0.37377   0.40870   0.24654   0.20544   0.74023   0.27866   0.47120   1.98385   0.58732   0.92261   0.89373   0.38770   0.13684  
 15 84.6392  12354.361027  x:  0.71566   0.28221   0.22212   0.10748   0.03911   0.03174   0.00006   0.03759   0.09579   0.23974   0.16185   0.28863   0.07375   0.08179   0.21422   0.37696   0.41951   0.26710   0.23102   0.77629   0.27256   0.45256   1.95451   0.60613   1.03468   0.98364   0.38802   0.11869  
 16 97.1540  12350.046742  x:  0.76424   0.28146   0.22311   0.09715   0.03945   0.03191   0.00006   0.03825   0.09586   0.24403   0.16369   0.29449   0.07092   0.08127   0.22618   0.37391   0.40410   0.25703   0.21569   0.82853   0.28637   0.45310   1.91575   0.62580   1.18368   1.12988   0.38352   0.15983  
 17 127.0358  12347.534175  x:  0.74367   0.24769   0.22252   0.09341   0.04004   0.03213   0.00006   0.03839   0.09599   0.24522   0.18513   0.28540   0.07115   0.08074   0.20384   0.38099   0.39767   0.25913   0.21946   0.82881   0.27028   0.47420   1.90595   0.61175   1.21854   1.25188   0.38138   0.15203  
 18 45.5201  12345.073317  x:  0.70506   0.22499   0.23121   0.09301   0.04045   0.03223   0.00006   0.03809   0.09558   0.23705   0.16141   0.29191   0.07085   0.08058   0.23133   0.36601   0.40589   0.25556   0.21858   0.81718   0.25210   0.48980   1.90315   0.61604   1.23423   1.36910   0.38112   0.14330  
 19 87.8451  12339.826927  x:  0.59597   0.23588   0.26143   0.08372   0.03931   0.03212   0.00006   0.03885   0.09491   0.21153   0.16857   0.27055   0.06981   0.07938   0.21952   0.34927   0.44447   0.24599   0.21080   0.77341   0.26547   0.48538   1.92025   0.74999   1.23892   1.56079   0.38063   0.18688  
 20 57.4668  12337.191573  x:  0.55002   0.23038   0.22846   0.08928   0.03860   0.03189   0.00006   0.03826   0.09597   0.18201   0.17402   0.28618   0.06982   0.07973   0.22731   0.36786   0.43423   0.25475   0.21856   0.76335   0.27150   0.47314   1.93014   0.81389   1.23389   1.63339   0.38245   0.20948  
 21 97.2416  12334.041935  x:  0.52743   0.25063   0.22954   0.06765   0.03857   0.03206   0.00006   0.03926   0.09638   0.18827   0.14700   0.29176   0.06785   0.07760   0.21742   0.40344   0.38961   0.24802   0.20940   0.80270   0.26492   0.45721   1.93571   0.84783   1.20379   1.66885   0.38080   0.20310  
 22 30.5390  12326.522108  x:  0.50640   0.29209   0.24846   0.07351   0.03808   0.03214   0.00006   0.03887   0.09551   0.13369   0.16112   0.25465   0.06983   0.07609   0.23744   0.38528   0.29270   0.23796   0.22595   0.93968   0.27491   0.46384   1.94853   0.88917   1.13015   1.70489   0.38171   0.17654  
 23 74.1988  12320.798111  x:  0.48744   0.28371   0.22941   0.05153   0.03729   0.03214   0.00006   0.03972   0.09715   0.11051   0.17709   0.28218   0.06765   0.07338   0.21865   0.33340   0.30930   0.24382   0.21081   1.04526   0.25786   0.46562   1.94402   0.89912   1.10430   1.68192   0.38028   0.16138  
 24 64.1666  12314.076545  x:  0.45089   0.21247   0.24183   0.04494   0.03639   0.03208   0.00007   0.03980   0.09645   0.06492   0.16717   0.24969   0.06814   0.07097   0.22930   0.36984   0.37981   0.23864   0.21216   1.15815   0.24836   0.48137   1.93719   0.88999   1.11740   1.60831   0.38078   0.17025  
 25 79.2930  12312.236072  x:  0.39250   0.23313   0.23129   0.03592   0.03596   0.03211   0.00007   0.04005   0.09721   0.06329   0.16739   0.23941   0.06828   0.06930   0.23275   0.36310   0.37158   0.21942   0.22737   1.14823   0.26061   0.46646   1.95683   0.82766   1.16452   1.56853   0.38307   0.19261  
 26 27.6541  12311.437158  x:  0.36352   0.24174   0.24585   0.03672   0.03574   0.03199   0.00006   0.03955   0.09668   0.04900   0.16821   0.24717   0.06807   0.06973   0.22970   0.36294   0.36013   0.22976   0.22045   1.14125   0.26484   0.46066   1.96709   0.79666   1.18905   1.54871   0.38442   0.20591  
 27 69.1041  12311.372863  x:  0.36051   0.24398   0.24355   0.03607   0.03567   0.03199   0.00006   0.03962   0.09676   0.04999   0.16801   0.24298   0.06821   0.06947   0.23141   0.36264   0.35915   0.23557   0.21611   1.14106   0.26333   0.46269   1.96794   0.79487   1.19126   1.54678   0.38457   0.20721  
 28 11.4942  12311.184726  x:  0.35037   0.25173   0.24287   0.03621   0.03552   0.03195   0.00006   0.03948   0.09664   0.04936   0.16788   0.24531   0.06821   0.06936   0.23047   0.36458   0.35628   0.23372   0.21826   1.14732   0.24862   0.48292   1.96964   0.79716   1.19750   1.53914   0.38453   0.21349  
 29  3.9842  12301.802553  x:  0.00000   0.23135   0.26742   0.03373   0.02985   0.03058   0.00007   0.03279   0.08990   0.07056   0.17396   0.25505   0.06922   0.06294   0.22892   0.37194   0.38291   0.24329   0.22299   1.55336   0.25828   0.48186   2.04041   0.70473   1.22836   1.42532   0.38328   0.27045  
 30  5.3039  12300.317043  x:  0.00000   0.23257   0.27328   0.03352   0.02839   0.03020   0.00007   0.03084   0.08779   0.07393   0.17584   0.25699   0.06938   0.06179   0.22935   0.37679   0.39212   0.24503   0.22437   1.46754   0.26046   0.48380   2.05899   0.66860   1.22577   1.38431   0.38368   0.25184  
 31  3.3242  12297.504703  x:  0.31689   0.23549   0.28508   0.03366   0.02536   0.02937   0.00007   0.02645   0.08302   0.08077   0.17986   0.26065   0.06971   0.05908   0.23052   0.38714   0.41253   0.24867   0.22741   1.30130   0.26534   0.48792   2.10128   0.59108   1.21995   1.29685   0.38441   0.21261  
 32 19.1380  12290.065482  x:  0.15572   0.25344   0.25461   0.05682   0.03194   0.02938   0.00007   0.01962   0.07206   0.06856   0.17983   0.24535   0.06736   0.04932   0.24017   0.38920   0.43936   0.24765   0.23005   1.54389   0.27323   0.48899   2.21231   0.64365   1.18876   1.39600   0.37524   0.18412  
 33  0.3254  12285.392109  x:  0.12078   0.24999   0.25880   0.04202   0.03485   0.02940   0.00007   0.02679   0.06745   0.06452   0.17951   0.26575   0.05856   0.04919   0.23631   0.40229   0.43937   0.25343   0.22638   1.69663   0.27410   0.50167   2.32234   0.69492   1.18444   1.54553   0.35328   0.16880  
 34  0.2224  12283.988646  x:  0.03685   0.25006   0.25431   0.04471   0.03587   0.02960   0.00007   0.02696   0.06569   0.06381   0.17705   0.26372   0.06070   0.05408   0.23553   0.39718   0.43559   0.25139   0.22613   1.78681   0.27545   0.50181   2.39316   0.66982   1.25111   1.59393   0.34912   0.19873  
 35  0.2313  12283.344007  x:  0.00000   0.24705   0.25633   0.04463   0.03514   0.02961   0.00007   0.02634   0.06439   0.06489   0.17711   0.26258   0.06328   0.05315   0.23542   0.39526   0.43468   0.25103   0.22658   1.83946   0.27669   0.50178   2.42706   0.67026   1.29597   1.62799   0.35161   0.19455  
 36  0.1868  12283.219537  x:  0.00000   0.24566   0.25713   0.04476   0.03461   0.02966   0.00007   0.02619   0.06384   0.06540   0.17726   0.26185   0.06405   0.05270   0.23548   0.39428   0.43447   0.25087   0.22703   1.89601   0.27747   0.50137   2.45066   0.67285   1.32800   1.65339   0.35361   0.19350  
 37  0.4236  12282.671225  x:  0.00000   0.24564   0.26068   0.04522   0.03289   0.02992   0.00008   0.02615   0.06371   0.06882   0.17887   0.26143   0.06274   0.05308   0.23591   0.39524   0.43802   0.25172   0.22912   1.94012   0.27979   0.49899   2.50448   0.67804   1.40492   1.70700   0.36056   0.17479  
 38  0.2267  12282.483258  x:  0.00000   0.24720   0.26105   0.04193   0.03473   0.03079   0.00009   0.02575   0.06453   0.06761   0.17813   0.26359   0.06667   0.05098   0.23506   0.39745   0.43975   0.25211   0.22852   1.96558   0.27933   0.49954   2.51859   0.67657   1.41643   1.72324   0.36264   0.17207  
 39  0.0157  12281.918630  x:  0.00000   0.25113   0.25615   0.04410   0.03174   0.03309   0.00012   0.02814   0.07033   0.06398   0.17744   0.26170   0.06754   0.05297   0.23647   0.39675   0.44571   0.25167   0.22790   2.00712   0.28071   0.50109   2.55242   0.67664   1.42563   1.76894   0.36466   0.17133  
 40  0.0171  12281.211484  x:  0.00000   0.24886   0.26205   0.04127   0.03105   0.03564   0.00017   0.02441   0.07313   0.06632   0.17958   0.26543   0.06182   0.05830   0.23658   0.39958   0.44612   0.25416   0.22769   1.99900   0.27992   0.50493   2.55575   0.70620   1.40001   1.82579   0.36213   0.17170  
 41  0.0367  12280.376801  x:  0.00000   0.24676   0.26401   0.04328   0.02991   0.03777   0.00022   0.02630   0.07390   0.06970   0.18007   0.26482   0.05950   0.04857   0.23598   0.39943   0.44451   0.25384   0.22824   1.93755   0.27863   0.50310   2.52174   0.70056   1.35906   1.81691   0.35999   0.17500  
 42  0.0626  12278.176094  x:  0.00000   0.24334   0.25533   0.04346   0.02641   0.04000   0.00038   0.02329   0.06835   0.06867   0.17587   0.26132   0.06883   0.05231   0.23410   0.39668   0.43770   0.25068   0.23022   1.87873   0.28122   0.49280   2.42886   0.66193   1.33861   1.74472   0.34462   0.17313  
 43  0.0331  12278.089432  x:  0.03670   0.24319   0.25493   0.04347   0.02623   0.04010   0.00039   0.02316   0.06807   0.06862   0.17568   0.26116   0.06927   0.05248   0.23402   0.39654   0.43735   0.25053   0.23031   1.87610   0.28133   0.49234   2.42451   0.66019   1.33804   1.74126   0.34393   0.17307  
 44  4.4242  12274.661555  x:  0.04023   0.24998   0.26351   0.04438   0.01834   0.03872   0.00067   0.02708   0.05914   0.06766   0.18280   0.26212   0.06699   0.04847   0.23788   0.39475   0.42870   0.25268   0.22825   1.88185   0.27691   0.50687   2.46587   0.70758   1.52009   1.73174   0.36367   0.17069  
 45  0.0567  12271.684260  x:  0.03581   0.25027   0.26759   0.04782   0.03024   0.03524   0.00093   0.02791   0.05311   0.06640   0.18165   0.26097   0.05823   0.05451   0.23669   0.39112   0.43099   0.25204   0.22706   1.84279   0.27525   0.50629   2.50214   0.65931   1.55429   1.59377   0.37169   0.18135  
 46  0.0948  12263.167882  x:  0.02109   0.24571   0.24067   0.04685   0.01743   0.02513   0.00191   0.02854   0.06274   0.05751   0.16504   0.26929   0.06239   0.06533   0.23253   0.39927   0.44900   0.25483   0.23212   1.73140   0.28787   0.47858   2.58374   0.65020   1.27501   1.49223   0.37058   0.20812  
 47  0.0899  12256.146735  x:  0.05624   0.23975   0.26511   0.04485   0.02039   0.01120   0.00300   0.02597   0.06097   0.07043   0.18252   0.25993   0.06947   0.05683   0.23739   0.39363   0.44330   0.25003   0.22913   1.80833   0.28636   0.49817   2.59362   0.66767   1.28735   1.53570   0.37412   0.19761  
 48  0.0490  12252.463753  x:  0.00710   0.24273   0.26805   0.04407   0.02152   0.01630   0.00373   0.02231   0.06963   0.07457   0.18366   0.25853   0.06490   0.04605   0.23695   0.39343   0.43481   0.24851   0.22517   1.89935   0.27642   0.51138   2.48941   0.66373   1.39242   1.73049   0.36417   0.17559  
 49  0.1453  12251.529832  x:  0.00000   0.24398   0.26554   0.04403   0.02070   0.01500   0.00402   0.02240   0.07057   0.07330   0.18201   0.25971   0.06406   0.04704   0.23632   0.39430   0.43492   0.24933   0.22562   1.90865   0.27611   0.50998   2.48103   0.66674   1.39605   1.74348   0.36242   0.17428  
 50  0.0620  12251.529832  x:  0.00000   0.24398   0.26554   0.04403   0.02070   0.01500   0.00402   0.02240   0.07057   0.07330   0.18201   0.25971   0.06406   0.04704   0.23632   0.39430   0.43492   0.24933   0.22562   1.90865   0.27611   0.50998   2.48103   0.66674   1.39605   1.74348   0.36242   0.17428  
 51  0.1391  12241.300878  x:  0.00001   0.24400   0.26546   0.04400   0.02070   0.01497   0.02034   0.02274   0.07043   0.07317   0.18194   0.25974   0.06413   0.04739   0.23630   0.39430   0.43493   0.24936   0.22566   1.90867   0.27610   0.50995   2.48103   0.66677   1.39605   1.74347   0.36239   0.17439  
 52 2450.3951  12241.126933  x:  0.00008   0.24415   0.26481   0.04390   0.02010   0.01306   0.02035   0.02445   0.06940   0.07211   0.18142   0.25998   0.06466   0.05012   0.23614   0.39430   0.43506   0.24963   0.22598   1.90880   0.27607   0.50963   2.48106   0.66705   1.39603   1.74340   0.36219   0.17526  
 53 79.0995  12241.021759  x:  0.00017   0.24439   0.26385   0.04394   0.01982   0.01456   0.02032   0.02499   0.06822   0.07059   0.18065   0.26035   0.06498   0.05295   0.23592   0.39432   0.43525   0.25003   0.22644   1.90899   0.27601   0.50914   2.48112   0.66748   1.39599   1.74328   0.36189   0.17648  
 54 83.0261  12240.959561  x:  0.00022   0.24472   0.26262   0.04437   0.02041   0.01419   0.02033   0.02335   0.06746   0.06878   0.17971   0.26083   0.06441   0.05402   0.23564   0.39442   0.43554   0.25056   0.22704   1.90922   0.27594   0.50844   2.48119   0.66810   1.39594   1.74309   0.36155   0.17788  
 55 47.0370  12240.910779  x:  0.00013   0.24531   0.26086   0.04513   0.02040   0.01425   0.02033   0.02415   0.06710   0.06646   0.17838   0.26162   0.06297   0.05291   0.23524   0.39474   0.43609   0.25138   0.22794   1.90955   0.27583   0.50721   2.48135   0.66927   1.39585   1.74275   0.36114   0.17961  
 56 34.7951  12240.903326  x:  0.00000   0.24549   0.26057   0.04502   0.02002   0.01424   0.02033   0.02405   0.06724   0.06633   0.17820   0.26182   0.06321   0.05274   0.23518   0.39491   0.43626   0.25153   0.22811   1.90960   0.27582   0.50685   2.48140   0.66965   1.39582   1.74263   0.36113   0.17973  
 57 15.3892  12240.887130  x:  0.00000   0.24627   0.25953   0.04444   0.02050   0.01424   0.02033   0.02418   0.06793   0.06625   0.17763   0.26265   0.06448   0.05232   0.23499   0.39573   0.43705   0.25213   0.22871   1.90980   0.27582   0.50523   2.48167   0.67143   1.39567   1.74207   0.36122   0.17988  
 58 27.4450  12240.865543  x:  0.00000   0.24770   0.25846   0.04477   0.02046   0.01425   0.02033   0.02415   0.06783   0.06802   0.17745   0.26380   0.06348   0.05289   0.23480   0.39745   0.43855   0.25260   0.22914   1.91014   0.27623   0.50187   2.48235   0.67560   1.39527   1.74069   0.36158   0.17896  
 59 12.9341  12240.858916  x:  0.00000   0.24776   0.25841   0.04451   0.02050   0.01424   0.02032   0.02414   0.06692   0.06791   0.17765   0.26344   0.06366   0.05257   0.23471   0.39759   0.43873   0.25197   0.22851   1.91044   0.27711   0.50072   2.48283   0.67783   1.39494   1.73986   0.36146   0.17882  
 60  7.1963  12240.852153  x:  0.00000   0.24762   0.25854   0.04519   0.02048   0.01425   0.02033   0.02415   0.06721   0.06750   0.17791   0.26283   0.06395   0.05262   0.23467   0.39749   0.43876   0.25120   0.22776   1.91088   0.27833   0.49957   2.48345   0.68047   1.39448   1.73882   0.36143   0.17883  
 61 15.6288  12240.848997  x:  0.00000   0.24736   0.25882   0.04463   0.02047   0.01425   0.02033   0.02415   0.06772   0.06723   0.17803   0.26250   0.06358   0.05280   0.23476   0.39719   0.43862   0.25111   0.22770   1.91121   0.27907   0.49917   2.48386   0.68189   1.39412   1.73817   0.36170   0.17897  
 62  7.6502  12240.846684  x:  0.00000   0.24685   0.25938   0.04480   0.02048   0.01425   0.02033   0.02415   0.06750   0.06729   0.17804   0.26250   0.06370   0.05272   0.23502   0.39662   0.43826   0.25173   0.22838   1.91170   0.27962   0.49913   2.48444   0.68309   1.39351   1.73736   0.36213   0.17904  
 63  3.7091  12240.845752  x:  0.00000   0.24650   0.25942   0.04476   0.02048   0.01425   0.02033   0.02415   0.06756   0.06735   0.17789   0.26269   0.06368   0.05275   0.23499   0.39633   0.43797   0.25188   0.22849   1.91215   0.27943   0.49924   2.48501   0.68349   1.39289   1.73667   0.36163   0.17876  
 64  1.9981  12240.842818  x:  0.00000   0.24594   0.25907   0.04475   0.02047   0.01425   0.02033   0.02415   0.06756   0.06773   0.17783   0.26336   0.06368   0.05273   0.23467   0.39609   0.43743   0.25163   0.22799   1.91456   0.27809   0.50012   2.48750   0.68406   1.38978   1.73358   0.36217   0.17899  
 65  2.6276  12240.839193  x:  0.00000   0.24652   0.25877   0.04478   0.02047   0.01425   0.02033   0.02415   0.06753   0.06723   0.17817   0.26253   0.06367   0.05276   0.23472   0.39655   0.43785   0.25181   0.22829   1.91797   0.27720   0.50141   2.49081   0.68391   1.38534   1.72909   0.36242   0.17807  
 66  4.7105  12240.837354  x:  0.00000   0.24702   0.25908   0.04476   0.02047   0.01425   0.02032   0.02415   0.06755   0.06752   0.17816   0.26234   0.06369   0.05274   0.23502   0.39682   0.43826   0.25179   0.22841   1.92002   0.27737   0.50176   2.49235   0.68338   1.38297   1.72656   0.36193   0.17846  
 67  5.9989  12240.834893  x:  0.00000   0.24726   0.25947   0.04478   0.02047   0.01424   0.02032   0.02414   0.06753   0.06726   0.17755   0.26313   0.06367   0.05276   0.23526   0.39676   0.43860   0.25150   0.22823   1.92299   0.27853   0.50115   2.49389   0.68161   1.37968   1.72260   0.36210   0.17775  
 68  3.8686  12240.832502  x:  0.00000   0.24675   0.25919   0.04477   0.02047   0.01424   0.02032   0.02414   0.06754   0.06742   0.17807   0.26291   0.06367   0.05276   0.23452   0.39660   0.43839   0.25177   0.22836   1.92619   0.27937   0.49948   2.49470   0.67940   1.37665   1.71818   0.36212   0.17746  
 69  4.4290  12240.831468  x:  0.00000   0.24644   0.25880   0.04477   0.02046   0.01424   0.02032   0.02414   0.06754   0.06749   0.17803   0.26263   0.06367   0.05276   0.23540   0.39659   0.43821   0.25179   0.22828   1.92779   0.27924   0.49900   2.49402   0.67869   1.37576   1.71545   0.36218   0.17728  
 70  1.8799  12240.827994  x:  0.00000   0.24628   0.25890   0.04478   0.02046   0.01424   0.02032   0.02414   0.06752   0.06772   0.17706   0.26212   0.06368   0.05276   0.23490   0.39673   0.43821   0.25172   0.22830   1.93348   0.27894   0.49940   2.48968   0.67718   1.37366   1.70465   0.36233   0.17656  
 71  3.1924  12240.826207  x:  0.00000   0.24638   0.25897   0.04477   0.02045   0.01424   0.02032   0.02413   0.06753   0.06740   0.17790   0.26279   0.06367   0.05276   0.23484   0.39676   0.43829   0.25172   0.22834   1.93635   0.27888   0.49983   2.48730   0.67648   1.37265   1.69891   0.36216   0.17620  
 72  8.1000  12240.826133  x:  0.00000   0.24658   0.25892   0.04477   0.02045   0.01424   0.02032   0.02413   0.06753   0.06744   0.17792   0.26277   0.06367   0.05276   0.23484   0.39646   0.43835   0.25180   0.22824   1.93619   0.27884   0.49982   2.48724   0.67642   1.37257   1.69852   0.36217   0.17622  
 73  0.3171  12240.825392  x:  0.00000   0.24726   0.25890   0.04476   0.02044   0.01423   0.02032   0.02413   0.06755   0.06746   0.17791   0.26276   0.06369   0.05275   0.23484   0.39656   0.43741   0.25164   0.22840   1.93098   0.27892   0.49980   2.48723   0.67541   1.37125   1.69299   0.36225   0.17687  
 74  0.3362  12240.825187  x:  0.00000   0.24684   0.25907   0.04475   0.02043   0.01423   0.02032   0.02413   0.06755   0.06738   0.17790   0.26275   0.06370   0.05275   0.23485   0.39669   0.43790   0.25193   0.22812   1.92940   0.27884   0.49980   2.48716   0.67513   1.37075   1.69146   0.36225   0.17710  
 75  0.7806  12240.825090  x:  0.00000   0.24652   0.25896   0.04475   0.02043   0.01423   0.02032   0.02413   0.06755   0.06744   0.17791   0.26275   0.06370   0.05274   0.23484   0.39659   0.43833   0.25175   0.22828   1.92863   0.27886   0.49986   2.48708   0.67501   1.37044   1.69078   0.36225   0.17720  
 76  0.7432  12240.825049  x:  0.00000   0.24655   0.25909   0.04475   0.02043   0.01423   0.02032   0.02412   0.06755   0.06739   0.17792   0.26275   0.06370   0.05274   0.23485   0.39656   0.43833   0.25168   0.22833   1.92841   0.27873   0.49977   2.48671   0.67508   1.36986   1.69084   0.36224   0.17722  
 77  0.0631  12240.824942  x:  0.00000   0.24659   0.25895   0.04475   0.02042   0.01423   0.02032   0.02412   0.06755   0.06743   0.17791   0.26275   0.06371   0.05274   0.23485   0.39659   0.43824   0.25175   0.22828   1.92784   0.27883   0.49985   2.48569   0.67527   1.36830   1.69108   0.36217   0.17726  
 78  0.6035  12240.823678  x:  0.00000   0.24669   0.25877   0.04469   0.02020   0.01415   0.02031   0.02402   0.06760   0.06728   0.17779   0.26289   0.06384   0.05271   0.23480   0.39671   0.43837   0.25186   0.22840   1.92855   0.27882   0.49966   2.48652   0.67552   1.36994   1.69220   0.36219   0.17730  
 79  0.0055  12240.823660  x:  0.00000   0.24668   0.25881   0.04468   0.02020   0.01415   0.02031   0.02402   0.06762   0.06734   0.17782   0.26288   0.06387   0.05269   0.23481   0.39670   0.43836   0.25184   0.22838   1.92867   0.27882   0.49968   2.48654   0.67551   1.36996   1.69227   0.36220   0.17724  
 80  0.0038  12240.823626  x:  0.00000   0.24672   0.25880   0.04468   0.02019   0.01414   0.02027   0.02402   0.06762   0.06734   0.17782   0.26287   0.06386   0.05269   0.23481   0.39665   0.43837   0.25186   0.22836   1.92866   0.27882   0.49967   2.48656   0.67550   1.36999   1.69217   0.36221   0.17724  
 81  0.0000  12240.823621  x:  0.00000   0.24668   0.25881   0.04468   0.02020   0.01414   0.02026   0.02402   0.06762   0.06734   0.17782   0.26288   0.06386   0.05269   0.23481   0.39669   0.43836   0.25184   0.22838   1.92867   0.27882   0.49968   2.48654   0.67550   1.36997   1.69224   0.36220   0.17724  
 82  0.0001  12240.823621  x:  0.00000   0.24669   0.25881   0.04468   0.02020   0.01415   0.02026   0.02402   0.06762   0.06734   0.17782   0.26288   0.06386   0.05269   0.23481   0.39669   0.43836   0.25184   0.22838   1.92867   0.27882   0.49968   2.48654   0.67550   1.36997   1.69224   0.36220   0.17724  