

TREE # 1

  0  0.0000  12622.139336  x:  0.39940   0.15165   0.20001   0.00418   0.05975   0.06441   0.03415   0.04895   0.11653   0.00000   0.11312   0.08522   0.05522   0.02658   0.15753   0.21390   0.14363   0.10602   0.14881   0.43880   0.12569   0.29731   1.00000   0.77093   0.86001   1.13172   1.45445   0.10032   0.24088   2.49821  
  1 99.0000  12393.126090  x:  0.41787   0.19530   0.22493   0.15195   0.01418   0.01038   0.00000   0.01502   0.09768   0.13519   0.14707   0.16441   0.06543   0.06489   0.18422   0.25167   0.19863   0.16136   0.17788   0.45414   0.16305   0.32963   1.03985   0.76706   0.86114   1.13254   1.46071   0.09625   0.14801   2.49717  
  2 3004.4036  12367.706836  x:  0.42009   0.20053   0.22792   0.16965   0.00873   0.00393   0.00045   0.01097   0.09541   0.15139   0.15114   0.17391   0.06665   0.06948   0.18742   0.25620   0.20523   0.16800   0.18137   0.45599   0.16753   0.33351   1.04463   0.76659   0.86127   1.13264   1.46146   0.09576   0.13686   2.49704  
  3 169652.9382  12332.842282  x:  0.42951   0.21535   0.23265   0.18568   0.02103   0.04806   0.00050   0.02851   0.08097   0.17472   0.15947   0.19546   0.06556   0.07077   0.19561   0.26915   0.22477   0.18540   0.19144   0.46366   0.18174   0.34686   1.06418   0.76457   0.86165   1.13314   1.46310   0.09482   0.10409   2.49643  
  4 2334.0941  12242.919684  x:  0.46794   0.25647   0.23338   0.12532   0.03991   0.02607   0.00041   0.02974   0.01218   0.17204   0.17037   0.23539   0.04693   0.03578   0.21295   0.30492   0.28187   0.22604   0.21743   0.49434   0.22294   0.38988   1.14263   0.75606   0.86281   1.13534   1.46087   0.09752   0.07141   2.49359  
  5 1077.3392  12167.354324  x:  0.52928   0.31499   0.23540   0.05612   0.01391   0.04228   0.00042   0.01202   0.02359   0.17216   0.17962   0.28897   0.06016   0.03931   0.23076   0.35496   0.36474   0.27731   0.24594   0.54217   0.27760   0.45037   1.27322   0.74119   0.86551   1.13862   1.44956   0.10731   0.13197   2.48867  
  6 1316.4524  12137.953502  x:  0.56590   0.34482   0.23507   0.02803   0.03005   0.02470   0.00040   0.03995   0.06235   0.16574   0.18201   0.31323   0.07000   0.04821   0.23790   0.38114   0.40838   0.30037   0.25772   0.57072   0.30517   0.48309   1.35201   0.73161   0.86726   1.14081   1.44204   0.11359   0.15155   2.48571  
  7 2263.8896  12105.158002  x:  0.61739   0.36224   0.22467   0.03164   0.02163   0.02625   0.00035   0.01697   0.11529   0.10701   0.17047   0.30773   0.06829   0.04902   0.23222   0.39957   0.44198   0.29783   0.25156   0.61085   0.32138   0.51412   1.46594   0.71493   0.87040   1.14504   1.42635   0.12598   0.10963   2.48150  
  8 695.9961  12088.280914  x:  0.65427   0.36462   0.22220   0.06258   0.00609   0.02492   0.00039   0.03533   0.10329   0.07531   0.16294   0.29432   0.06098   0.05319   0.22323   0.40512   0.45529   0.28311   0.23641   0.63909   0.31957   0.52658   1.55026   0.70071   0.87385   1.14843   1.40723   0.14026   0.11532   2.47839  
  9 648.2419  12072.001107  x:  0.70269   0.36501   0.22202   0.10754   0.02524   0.02478   0.00038   0.03215   0.08213   0.04348   0.15474   0.27613   0.05638   0.06495   0.21133   0.41072   0.47009   0.26150   0.21421   0.67591   0.31332   0.54014   1.66255   0.68126   0.87897   1.15289   1.37957   0.16080   0.13339   2.47424  
 10 2388.0735  12048.438269  x:  0.77302   0.33058   0.26291   0.08799   0.02446   0.02360   0.00038   0.03431   0.05980   0.08085   0.16773   0.23544   0.09437   0.09363   0.20664   0.40123   0.45745   0.21371   0.17477   0.72725   0.26528   0.53342   1.84181   0.64611   0.89405   1.15892   1.32054   0.20357   0.11246   2.46750  
 11 457.3799  12030.504734  x:  0.82279   0.28625   0.28852   0.08421   0.02607   0.02706   0.00039   0.03258   0.07480   0.12857   0.17796   0.22106   0.05494   0.05968   0.21439   0.38153   0.43063   0.20567   0.17887   0.76143   0.21125   0.51583   1.97946   0.61882   0.91187   1.16162   1.26109   0.24644   0.11347   2.46149  
 12 513.2764  12020.526062  x:  0.84986   0.23501   0.27078   0.08552   0.02636   0.02666   0.00039   0.03409   0.06842   0.13131   0.16691   0.24107   0.07072   0.06275   0.22395   0.35119   0.39164   0.23839   0.22425   0.77580   0.16725   0.49988   2.07137   0.60381   0.93495   1.15907   1.20334   0.28798   0.10739   2.45526  
 13 296.3034  12017.260293  x:  0.84759   0.21436   0.24649   0.07756   0.02571   0.02673   0.00039   0.03402   0.06763   0.13841   0.16886   0.26470   0.05473   0.07958   0.22097   0.34657   0.37240   0.23270   0.21237   0.76351   0.17884   0.51527   2.09691   0.61079   0.96661   1.14739   1.15194   0.32529   0.10154   2.44775  
 14 93.3217  12014.513405  x:  0.84091   0.20951   0.23288   0.08046   0.02603   0.02699   0.00040   0.03488   0.06934   0.14473   0.17019   0.27079   0.07107   0.05790   0.21338   0.34755   0.36585   0.22946   0.20335   0.74383   0.19081   0.52899   2.11486   0.62300   1.00712   1.13128   1.09164   0.36806   0.09856   2.43804  
 15 145.9169  12010.174557  x:  0.82603   0.23327   0.24458   0.07962   0.02610   0.02703   0.00040   0.03519   0.06867   0.14196   0.16736   0.24136   0.06668   0.06779   0.20826   0.35325   0.38063   0.24172   0.21766   0.69820   0.19165   0.53315   2.13625   0.64966   1.09355   1.09642   0.97296   0.44819   0.08797   2.41638  
 16 147.6655  12009.037329  x:  0.82683   0.24134   0.25686   0.08174   0.02617   0.02688   0.00040   0.03525   0.06918   0.12852   0.17298   0.25166   0.06797   0.06811   0.23252   0.35938   0.38557   0.23498   0.21473   0.68302   0.18472   0.52446   2.13946   0.65447   1.12424   1.08608   0.93935   0.46572   0.08604   2.40647  
 17 84.3905  12008.309350  x:  0.85108   0.23705   0.27831   0.08166   0.02623   0.02671   0.00040   0.03505   0.06952   0.11931   0.17250   0.26643   0.06753   0.06802   0.21636   0.36894   0.38232   0.23536   0.21550   0.66869   0.19109   0.51098   2.13496   0.64392   1.16302   1.08235   0.92026   0.45493   0.08492   2.38483  
 18 24.7557  12006.215843  x:  0.95358   0.22220   0.28012   0.08251   0.02624   0.02650   0.00039   0.03497   0.06931   0.11693   0.17332   0.24838   0.06810   0.06814   0.23313   0.36602   0.37780   0.24397   0.21459   0.61425   0.23379   0.48519   2.11946   0.59916   1.29387   1.08069   0.86891   0.38785   0.08487   2.29730  
 19 50.9523  12004.753058  x:  1.02337   0.23367   0.25296   0.07728   0.02579   0.02666   0.00040   0.03492   0.06922   0.12574   0.16489   0.25380   0.06698   0.06684   0.22499   0.35636   0.39779   0.23345   0.21209   0.55949   0.22059   0.46555   2.11684   0.58456   1.37259   1.08794   0.83179   0.32810   0.08228   2.22807  
 20 75.2617  12001.943511  x:  1.13656   0.22156   0.24681   0.07601   0.02572   0.02636   0.00040   0.03479   0.06850   0.11952   0.18678   0.24742   0.06640   0.06616   0.21952   0.36457   0.39998   0.23014   0.21953   0.41027   0.18334   0.50366   2.13963   0.61739   1.47391   1.12484   0.76021   0.18662   0.08240   2.08013  
 21 65.8560  12000.773585  x:  1.18325   0.21935   0.25948   0.07435   0.02574   0.02621   0.00040   0.03476   0.06799   0.12039   0.16095   0.25029   0.06568   0.06443   0.22491   0.35327   0.40071   0.23252   0.21268   0.34735   0.17943   0.51823   2.14962   0.63615   1.50182   1.15018   0.72020   0.12731   0.08129   2.01526  
 22 119.8271  11997.449781  x:  1.31174   0.23008   0.25847   0.06925   0.02516   0.02607   0.00040   0.03438   0.06913   0.10828   0.17691   0.25029   0.06593   0.06378   0.22271   0.34922   0.39941   0.24961   0.19824   0.21666   0.21825   0.46072   2.16033   0.69158   1.48091   1.28519   0.53079  -0.01932   0.07443   1.82805  
 23 50.3684  11996.309509  x:  1.35545   0.22937   0.25731   0.06761   0.02503   0.02623   0.00040   0.03428   0.06925   0.10952   0.16848   0.24885   0.06655   0.06367   0.22682   0.36423   0.39710   0.22272   0.22464   0.19530   0.22938   0.45869   2.15114   0.70486   1.46959   1.33059   0.45445  -0.07030   0.07235   1.75992  
 24 77.5570  11993.872468  x:  1.42999   0.23169   0.26163   0.06275   0.02443   0.02646   0.00040   0.03364   0.07126   0.10024   0.17173   0.24888   0.06768   0.06379   0.22910   0.37078   0.40029   0.23508   0.21504   0.24479   0.19054   0.51240   2.09042   0.70943   1.44947   1.39979   0.27010  -0.18396   0.06665   1.60667  
 25 44.2489  11991.545626  x:  1.37514   0.22427   0.27346   0.05932   0.02417   0.02613   0.00040   0.03315   0.07202   0.08727   0.18995   0.25316   0.06789   0.06184   0.22397   0.32947   0.42025   0.22137   0.22708   0.31708   0.20600   0.51371   2.11079   0.72651   1.44094   1.37115   0.14407  -0.33588   0.06490   1.45599  
 26 25.7927  11985.879350  x:  1.20211   0.18877   0.26505   0.04639   0.02309   0.02563   0.00040   0.03245   0.07152   0.07449   0.16799   0.24124   0.06647   0.05771   0.22984   0.36998   0.44577   0.23240   0.21249   0.47976   0.21872   0.47934   2.18248   0.74644   1.41634   1.28539  -0.14792  -0.71059   0.05961   1.09155  
 27 198.5636  11984.075108  x:  1.12819   0.21013   0.26780   0.04307   0.02277   0.02527   0.00040   0.03232   0.07174   0.06595   0.16999   0.24212   0.06635   0.05629   0.22873   0.37089   0.43514   0.23139   0.21389   0.48452   0.21955   0.49181   2.21021   0.66810   1.39473   1.27873  -0.22032  -0.79225   0.05807   1.00000  
 28 43.4335  11983.018446  x:  1.16755   0.27283   0.26408   0.04032   0.02269   0.02506   0.00040   0.03217   0.07149   0.06564   0.16939   0.24303   0.06609   0.05491   0.22853   0.37107   0.36943   0.23166   0.21602   0.47840   0.22123   0.49328   2.22768   0.66896   1.35756   1.20714  -0.18193  -0.75183   0.05782   1.03049  
 29  4.4936  11978.262073  x:  1.32662   0.22139   0.26656   0.03140   0.02195   0.02346   0.00041   0.03136   0.07234   0.04855   0.17201   0.24246   0.06581   0.05074   0.22840   0.37265   0.42843   0.23628   0.21471   0.36857   0.22418   0.50390   2.26446   0.60466   1.16639   0.95544   0.02428  -0.45873   0.05474   1.25227  
 30 19.0326  11972.786590  x:  1.27478   0.22943   0.26528   0.02405   0.02176   0.02091   0.00041   0.03013   0.07213   0.03641   0.16786   0.24283   0.06436   0.04474   0.23214   0.38255   0.43737   0.24018   0.21886   0.43180   0.22681   0.51300   2.39056   0.67712   1.35390   1.27515   0.42346  -0.07381   0.06085   1.64080  
 31  9.8517  11962.088571  x:  1.36603   0.25624   0.26319   0.04798   0.02403   0.01542   0.00042   0.02480   0.07366   0.06499   0.17232   0.27644   0.06465   0.04432   0.24046   0.41979   0.50314   0.27408   0.23309   0.43378   0.25925   0.56915   2.60273   0.63712   1.31837   1.21644   0.39302  -0.01690   0.06476   2.05941  
 32  1.3778  11960.652907  x:  1.41096   0.24643   0.26708   0.04897   0.02418   0.01642   0.00044   0.02411   0.07118   0.06826   0.17466   0.27876   0.06491   0.04817   0.24172   0.42089   0.51691   0.27584   0.23416   0.45405   0.25518   0.56494   2.63266   0.65427   1.30584   1.21910   0.52605   0.16869   0.06435   1.71179  
 33  1.6045  11956.198503  x:  1.60800   0.22651   0.27764   0.04455   0.02368   0.02097   0.00051   0.02152   0.06126   0.06091   0.18177   0.27936   0.06530   0.06120   0.24140   0.42038   0.55697   0.27471   0.23379   0.38991   0.23718   0.60150   2.80921   0.64090   1.45686   1.19663   0.30988  -0.08210   0.06067   1.87735  
 34  1.0753  11953.972267  x:  1.73313   0.20767   0.28450   0.04604   0.02294   0.02136   0.00060   0.02625   0.06066   0.05806   0.18062   0.27382   0.06548   0.04617   0.24394   0.41972   0.57769   0.27149   0.23259   0.37533   0.22775   0.59378   2.92378   0.60633   1.47868   1.18245   0.28576  -0.07807   0.05548   1.71319  
 35  0.1899  11952.229391  x:  1.84487   0.20995   0.27394   0.04337   0.02188   0.01977   0.00077   0.02919   0.06883   0.06253   0.17275   0.28374   0.06441   0.05632   0.24654   0.43258   0.59567   0.27420   0.22922   0.36709   0.25537   0.57098   3.02232   0.59276   1.46336   1.21337   0.35724  -0.00566   0.05622   1.90101  
 36  0.1031  11949.949471  x:  1.99727   0.19793   0.27816   0.04329   0.02244   0.01880   0.00110   0.02796   0.07489   0.06112   0.18253   0.28070   0.06700   0.04675   0.24257   0.42776   0.60177   0.27411   0.23198   0.30575   0.26897   0.56159   3.06245   0.66931   1.54641   1.27452   0.35530  -0.02572   0.06329   1.93327  
 37  0.0647  11944.924615  x:  2.10155   0.18899   0.29037   0.04111   0.02263   0.01290   0.00184   0.02424   0.07077   0.06022   0.18719   0.26889   0.06846   0.05410   0.23572   0.40912   0.57226   0.26881   0.23573   0.19372   0.26452   0.56133   2.98617   0.59911   1.50886   1.25939   0.24954  -0.04249   0.05505   1.78417  
 38  0.0778  11939.114566  x:  1.71148   0.22595   0.27340   0.04721   0.02078   0.01594   0.00304   0.01876   0.06254   0.05791   0.16385   0.27096   0.06489   0.05558   0.24228   0.41974   0.52385   0.26266   0.23034   0.41120   0.24893   0.55523   2.82352   0.58599   1.45658   1.19345   0.50276   0.07600   0.06608   1.72726  
 39  0.1979  11934.935344  x:  1.63461   0.22658   0.26198   0.04160   0.01707   0.01103   0.00432   0.02520   0.06682   0.07440   0.17164   0.28343   0.06254   0.05104   0.24415   0.42409   0.55184   0.27023   0.22942   0.46180   0.24267   0.57341   2.83831   0.64199   1.47756   1.18595   0.35788  -0.07302   0.05883   1.82244  
 40  0.1556  11931.557327  x:  1.65055   0.21359   0.28145   0.04846   0.01654   0.01784   0.00612   0.02462   0.06736   0.05630   0.18734   0.28119   0.06673   0.04673   0.24456   0.42521   0.57979   0.27601   0.23066   0.42069   0.23387   0.59107   2.88755   0.61646   1.41932   1.18316   0.16609  -0.18389   0.05400   1.83781  
 41  0.1412  11927.974026  x:  1.70321   0.20575   0.29092   0.04982   0.01915   0.01305   0.00934   0.02413   0.06300   0.05273   0.18367   0.27546   0.06789   0.05484   0.24052   0.42156   0.58522   0.27595   0.23318   0.35100   0.23729   0.58837   2.90939   0.59457   1.44767   1.20134   0.44202   0.08663   0.05996   1.73639  
 42  0.1683  11925.774213  x:  1.72373   0.21719   0.27200   0.04074   0.02028   0.01427   0.01273   0.02203   0.07060   0.07521   0.17062   0.27954   0.06326   0.05210   0.24182   0.42271   0.57823   0.27363   0.23118   0.33880   0.24854   0.58083   2.90126   0.62919   1.46601   1.21250   0.32889  -0.04275   0.05841   1.82541  
 43  0.1034  11924.702662  x:  1.72420   0.22147   0.27599   0.04613   0.02042   0.01332   0.01586   0.02497   0.06732   0.05479   0.17528   0.27867   0.06581   0.05110   0.24523   0.42633   0.56739   0.27165   0.23062   0.35556   0.24914   0.57307   2.90217   0.63032   1.46029   1.21145   0.29479  -0.08095   0.05781   1.88598  
 44  0.0545  11924.260143  x:  1.71208   0.21808   0.28018   0.04451   0.02063   0.01425   0.01851   0.02437   0.06656   0.06188   0.18146   0.27930   0.06609   0.05097   0.24363   0.42435   0.56650   0.27262   0.23278   0.37642   0.24573   0.57535   2.89168   0.60686   1.44522   1.19541   0.31526  -0.04192   0.05798   1.78606  
 45  0.0770  11924.179460  x:  1.72144   0.21669   0.27889   0.04498   0.02042   0.01408   0.01982   0.02365   0.06750   0.06028   0.17884   0.27970   0.06566   0.05179   0.24364   0.42466   0.56932   0.27384   0.23263   0.37508   0.24492   0.57913   2.88983   0.61633   1.45951   1.19824   0.32281  -0.03732   0.05766   1.80036  
 46  0.0195  11924.171819  x:  1.72470   0.21618   0.27873   0.04506   0.02021   0.01407   0.02015   0.02389   0.06713   0.06088   0.17823   0.27959   0.06574   0.05167   0.24377   0.42490   0.57093   0.27385   0.23237   0.37293   0.24506   0.57980   2.89047   0.61454   1.45543   1.19758   0.31930  -0.04135   0.05806   1.81442  
 47  0.0141  11924.171212  x:  1.72515   0.21587   0.27887   0.04511   0.02010   0.01407   0.02020   0.02388   0.06717   0.06088   0.17853   0.27947   0.06574   0.05161   0.24372   0.42468   0.57152   0.27376   0.23236   0.37225   0.24474   0.57968   2.89067   0.61480   1.45457   1.19800   0.32007  -0.03982   0.05796   1.81202  
 48  0.0025  11924.171168  x:  1.72488   0.21596   0.27884   0.04511   0.02007   0.01407   0.02018   0.02387   0.06715   0.06088   0.17849   0.27947   0.06573   0.05164   0.24371   0.42467   0.57143   0.27371   0.23234   0.37201   0.24481   0.57954   2.89049   0.61499   1.45443   1.19806   0.31988  -0.04033   0.05798   1.81175  
 49  0.0006  11924.171166  x:  1.72491   0.21599   0.27884   0.04512   0.02007   0.01407   0.02018   0.02387   0.06716   0.06088   0.17848   0.27947   0.06573   0.05163   0.24372   0.42468   0.57138   0.27371   0.23235   0.37199   0.24485   0.57949   2.89058   0.61491   1.45455   1.19806   0.31988  -0.04033   0.05798   1.81178  
 50  0.0001  11924.171165  x:  1.72490   0.21599   0.27884   0.04512   0.02007   0.01407   0.02018   0.02387   0.06715   0.06088   0.17848   0.27947   0.06573   0.05163   0.24372   0.42468   0.57136   0.27371   0.23235   0.37200   0.24486   0.57949   2.89060   0.61492   1.45460   1.19808   0.31986  -0.04034   0.05798   1.81174  
 51  0.0001  11924.171165  x:  1.72489   0.21599   0.27884   0.04512   0.02007   0.01407   0.02018   0.02387   0.06715   0.06088   0.17848   0.27947   0.06573   0.05163   0.24372   0.42468   0.57136   0.27371   0.23235   0.37199   0.24486   0.57949   2.89061   0.61493   1.45461   1.19808   0.31986  -0.04034   0.05798   1.81175  
 52  0.0000  11924.171165  x:  1.72489   0.21599   0.27884   0.04512   0.02007   0.01407   0.02018   0.02387   0.06715   0.06088   0.17848   0.27947   0.06573   0.05163   0.24372   0.42468   0.57136   0.27371   0.23235   0.37199   0.24486   0.57949   2.89061   0.61493   1.45461   1.19808   0.31986  -0.04034   0.05798   1.81175  