

Model 0: one-ratio

TREE # 1

  0  0.0000  14972.249133  x:  0.04323   0.07422   0.05893   0.08444   0.01862   0.03082   0.01546   0.07826   0.03412   0.06610   0.05056   0.04269   0.04139   0.06920   0.10850   0.05083   0.09008   0.08149   0.04953   0.08705   0.02872   1.00000   0.74417   0.82248   1.09954   0.50000  
  1 99.0000  12568.030692  x:  0.89546   0.25187   0.19923   0.06991   0.01127   0.00000   0.03107   0.04122   0.07199   0.12191   0.19363   0.25411   0.07560   0.06047   0.17866   0.32503   0.27117   0.18760   0.22818   0.27044   0.69869   1.03818   0.74035   0.82263   1.10183   0.46416  
  2 13276.0114  12521.164627  x:  1.00011   0.27369   0.21646   0.06811   0.01047   0.01228   0.03299   0.03665   0.07663   0.12876   0.21119   0.28007   0.07979   0.05939   0.18728   0.35871   0.29341   0.20064   0.25011   0.29295   0.78094   1.04291   0.73988   0.82265   1.10211   0.45971  
  3 1159830.9763  12479.850368  x:  1.01291   0.27770   0.21856   0.05055   0.05127   0.01217   0.00760   0.01882   0.06750   0.11678   0.20440   0.27710   0.06885   0.05022   0.19576   0.36104   0.30266   0.20904   0.24960   0.28517   0.76961   1.08247   0.73438   0.82373   1.10402   0.40843  
  4 875.4386  12445.738720  x:  1.02893   0.28280   0.22174   0.03107   0.07337   0.01204   0.03419   0.00695   0.05698   0.10032   0.19486   0.27243   0.05670   0.04142   0.20709   0.36376   0.31524   0.22014   0.24825   0.27378   0.75139   1.13811   0.72642   0.82514   1.10694   0.33778  
  5 2176.4323  12426.551957  x:  1.04206   0.28689   0.22479   0.02455   0.07961   0.01202   0.03956   0.03013   0.05306   0.08790   0.18780   0.26890   0.05093   0.03892   0.21576   0.36618   0.32536   0.22862   0.24710   0.26495   0.73654   1.18229   0.71983   0.82611   1.10953   0.28570  
  6 2978.3039  12398.279240  x:  1.06201   0.29330   0.23134   0.04809   0.05174   0.01213   0.02810   0.02044   0.06373   0.07056   0.17813   0.26317   0.05726   0.05148   0.22844   0.37040   0.34218   0.24086   0.24433   0.25118   0.70801   1.25434   0.70786   0.82687   1.11511   0.23153  
  7 1194.9104  12362.725082  x:  1.09572   0.30451   0.24380   0.02755   0.01291   0.01229   0.01382   0.01559   0.05401   0.04782   0.16639   0.25479   0.05424   0.04812   0.24796   0.37898   0.37149   0.25968   0.23965   0.23211   0.65786   1.37241   0.68625   0.82664   1.12655   0.24204  
  8 837.5042  12307.167921  x:  1.17783   0.32906   0.27605   0.05672   0.02708   0.01216   0.02368   0.02195   0.07176   0.00796   0.14533   0.23658   0.06516   0.05697   0.28938   0.40056   0.44047   0.29948   0.22653   0.19091   0.53325   1.65832   0.63189   0.82608   1.15596   0.31204  
  9 1877.2125  12291.325114  x:  1.20673   0.32320   0.29197   0.06468   0.02621   0.01214   0.02416   0.02257   0.06770   0.09121   0.16667   0.23614   0.06596   0.05368   0.28125   0.40658   0.45538   0.29113   0.21122   0.20233   0.47910   1.79022   0.60597   0.83207   1.16997   0.32309  
 10 536.6720  12274.302560  x:  1.23715   0.27084   0.24865   0.06027   0.02599   0.01217   0.02440   0.02294   0.06952   0.08644   0.18883   0.25502   0.07829   0.06396   0.21429   0.38700   0.43143   0.23531   0.19861   0.29289   0.45784   1.93904   0.57932   0.85357   1.18745   0.33383  
 11 257.7938  12272.736068  x:  1.23842   0.26231   0.24432   0.06675   0.02372   0.01218   0.02401   0.02284   0.07352   0.08598   0.18987   0.25828   0.06662   0.05271   0.21189   0.38334   0.42542   0.23362   0.20692   0.30270   0.45690   1.95442   0.57844   0.86008   1.18921   0.33580  
 12 164.1882  12271.411293  x:  1.23535   0.24782   0.24280   0.06775   0.02398   0.01218   0.02418   0.02298   0.06927   0.08965   0.18843   0.26400   0.06547   0.05983   0.22149   0.37683   0.41187   0.24012   0.23300   0.31260   0.45775   1.97214   0.58229   0.87855   1.19121   0.33841  
 13 89.6637  12271.029573  x:  1.23370   0.24453   0.24594   0.06566   0.02383   0.01217   0.02417   0.02302   0.07339   0.09043   0.18613   0.26305   0.07377   0.05397   0.22533   0.37613   0.40583   0.23859   0.23606   0.31296   0.46065   1.97864   0.58748   0.89480   1.19258   0.33893  
 14 47.2790  12270.067051  x:  1.23054   0.24351   0.25728   0.06555   0.02344   0.01218   0.02409   0.02304   0.07533   0.09005   0.18037   0.25530   0.06768   0.05902   0.22916   0.37833   0.39095   0.22806   0.22915   0.30741   0.47389   1.99646   0.60816   0.95857   1.19930   0.34282  
 15 63.5917  12269.542747  x:  1.22740   0.24926   0.25392   0.07122   0.02322   0.01219   0.02408   0.02310   0.06562   0.08865   0.18461   0.25635   0.07032   0.05599   0.22250   0.37947   0.38893   0.23181   0.22747   0.30179   0.47846   2.00450   0.61920   1.00053   1.20766   0.34455  
 16 68.1919  12269.112897  x:  1.22349   0.25699   0.24590   0.06751   0.02306   0.01218   0.02408   0.02314   0.07284   0.08955   0.19093   0.26146   0.06936   0.05805   0.21548   0.37935   0.39207   0.23895   0.22792   0.29723   0.47948   2.00939   0.62660   1.03934   1.21992   0.34543  
 17 78.7353  12268.795121  x:  1.22326   0.26059   0.23983   0.06815   0.02302   0.01218   0.02411   0.02317   0.07205   0.09092   0.18674   0.26891   0.06916   0.05773   0.22371   0.37586   0.40259   0.23396   0.22571   0.30177   0.47666   2.00607   0.62255   1.07040   1.24781   0.34528  
 18 25.4987  12268.331238  x:  1.22714   0.25586   0.24582   0.06762   0.02325   0.01218   0.02409   0.02314   0.07178   0.09052   0.18113   0.25891   0.06924   0.05767   0.21802   0.37672   0.41511   0.23508   0.23108   0.30924   0.46980   1.99648   0.61225   1.11436   1.30678   0.34389  
 19 42.4957  12268.048787  x:  1.23079   0.24547   0.24985   0.06708   0.02333   0.01218   0.02403   0.02307   0.07172   0.08645   0.19184   0.26006   0.06876   0.05757   0.22159   0.38195   0.41313   0.23723   0.22717   0.30770   0.46419   1.99122   0.61166   1.13616   1.35183   0.34267  
 20 41.3472  12267.659856  x:  1.23788   0.24003   0.24750   0.06665   0.02339   0.01219   0.02400   0.02306   0.07174   0.08939   0.18211   0.26739   0.06861   0.05758   0.21711   0.37942   0.40327   0.24313   0.22151   0.29883   0.46394   1.99199   0.63502   1.15051   1.42835   0.34246  
 21 27.2847  12267.083415  x:  1.23564   0.25397   0.24244   0.06620   0.02358   0.01219   0.02405   0.02311   0.07174   0.08955   0.19005   0.25710   0.06890   0.05733   0.22103   0.37292   0.39738   0.23619   0.22773   0.29659   0.46942   2.00115   0.68584   1.16307   1.55021   0.34149  
 22 53.4688  12266.971932  x:  1.22768   0.25815   0.24865   0.06618   0.02367   0.01218   0.02407   0.02312   0.07157   0.08798   0.18940   0.26246   0.06871   0.05723   0.21961   0.37926   0.39852   0.23616   0.22871   0.30124   0.47134   2.00474   0.69582   1.16428   1.57240   0.34100  
 23 22.0713  12266.935707  x:  1.22420   0.25628   0.24576   0.06630   0.02362   0.01218   0.02408   0.02316   0.07162   0.08881   0.18835   0.26026   0.06872   0.05723   0.22117   0.38289   0.40008   0.23879   0.22675   0.30220   0.47545   2.00720   0.69595   1.16419   1.57591   0.34126  
 24  3.5245  12266.703019  x:  1.21381   0.24616   0.24731   0.06580   0.02350   0.01219   0.02400   0.02320   0.07153   0.08878   0.19008   0.26270   0.06881   0.05723   0.21875   0.37916   0.41196   0.23437   0.22935   0.28790   0.49248   2.01998   0.68995   1.16435   1.58368   0.34220  
 25  3.7077  12262.419418  x:  1.22254   0.25743   0.27503   0.05497   0.02145   0.01223   0.02237   0.02396   0.07054   0.07723   0.19338   0.25850   0.06584   0.05428   0.23108   0.33769   0.41493   0.27006   0.20446   0.30192   0.49587   2.14281   0.67647   1.21021   1.60580   0.34716  
 26  3.3281  12256.120291  x:  1.25369   0.26718   0.26215   0.03721   0.01863   0.01229   0.01983   0.02489   0.06878   0.06773   0.17585   0.25493   0.06265   0.05097   0.23801   0.38248   0.41279   0.25167   0.22546   0.28293   0.46058   2.30864   0.66923   1.27931   1.63096   0.35249  
 27 92.8079  12256.022650  x:  1.25731   0.25598   0.26283   0.03705   0.01862   0.01229   0.01980   0.02490   0.06863   0.06737   0.17610   0.25448   0.06253   0.05090   0.23815   0.38194   0.42628   0.25224   0.22453   0.28584   0.45532   2.30937   0.68286   1.28118   1.62797   0.35249  
 28  8.0122  12254.689004  x:  1.27133   0.25377   0.25531   0.05076   0.02004   0.01239   0.01972   0.02408   0.06127   0.06320   0.17605   0.25727   0.06284   0.05127   0.23482   0.39147   0.43067   0.24600   0.22854   0.29251   0.45687   2.39040   0.68436   1.32111   1.64577   0.35111  
 29  0.0610  12253.432354  x:  1.30189   0.25301   0.25826   0.04435   0.02311   0.01259   0.02029   0.02360   0.07125   0.06099   0.17859   0.25871   0.06582   0.05534   0.23453   0.38844   0.43646   0.25080   0.22604   0.29167   0.46913   2.48661   0.68205   1.37580   1.68726   0.34332  
 30  0.0584  12252.099126  x:  1.36105   0.25483   0.26773   0.04614   0.01670   0.01296   0.02033   0.02371   0.07080   0.06464   0.17600   0.25747   0.06347   0.05323   0.24002   0.38693   0.44057   0.25685   0.22520   0.27824   0.47641   2.51494   0.67816   1.40058   1.70962   0.33588  
 31  0.0293  12250.564245  x:  1.44086   0.25283   0.26748   0.04426   0.02248   0.01343   0.02176   0.02454   0.06401   0.07109   0.17783   0.26126   0.06070   0.04981   0.24012   0.39145   0.44227   0.25611   0.22810   0.27630   0.49227   2.48381   0.67291   1.39513   1.70101   0.32880  
 32  0.0448  12249.559030  x:  1.49055   0.24857   0.25972   0.04467   0.01987   0.01378   0.02100   0.02456   0.06681   0.07016   0.18217   0.26476   0.06540   0.05402   0.23482   0.39987   0.44353   0.25046   0.23058   0.28164   0.50571   2.43864   0.67327   1.35707   1.66679   0.33302  
 33  0.0564  12249.412696  x:  1.50451   0.24875   0.26246   0.04456   0.01986   0.01387   0.02013   0.02427   0.06839   0.06538   0.18026   0.26358   0.06343   0.05233   0.23576   0.39926   0.44462   0.25259   0.22985   0.27436   0.51037   2.44444   0.67381   1.34422   1.65764   0.33561  
 34  0.0178  12249.405485  x:  1.50601   0.24914   0.26307   0.04459   0.02012   0.01388   0.02018   0.02419   0.06778   0.06476   0.17989   0.26342   0.06398   0.05277   0.23639   0.39870   0.44491   0.25320   0.22981   0.27338   0.51079   2.44637   0.67400   1.34088   1.65767   0.33570  
 35  0.0044  12249.405003  x:  1.50614   0.24918   0.26288   0.04468   0.02016   0.01388   0.02027   0.02413   0.06785   0.06478   0.17996   0.26350   0.06394   0.05274   0.23649   0.39866   0.44495   0.25318   0.22993   0.27367   0.51072   2.44600   0.67414   1.33864   1.65784   0.33566  
 36  0.0016  12249.404943  x:  1.50611   0.24914   0.26291   0.04464   0.02013   0.01388   0.02028   0.02410   0.06783   0.06477   0.17997   0.26348   0.06394   0.05274   0.23645   0.39870   0.44500   0.25318   0.22988   0.27364   0.51062   2.44601   0.67415   1.33818   1.65810   0.33564  
 37  0.0003  12249.404890  x:  1.50606   0.24912   0.26291   0.04464   0.02016   0.01389   0.02026   0.02405   0.06784   0.06486   0.17993   0.26348   0.06394   0.05273   0.23641   0.39871   0.44501   0.25318   0.22989   0.27365   0.51061   2.44606   0.67422   1.33860   1.65828   0.33565  
 38  0.0001  12249.404627  x:  1.50619   0.24916   0.26294   0.04465   0.02014   0.01392   0.02027   0.02402   0.06779   0.06474   0.18012   0.26351   0.06393   0.05275   0.23649   0.39865   0.44490   0.25317   0.22989   0.27370   0.51070   2.44628   0.67407   1.33940   1.65811   0.33575  
 39  0.0001  12249.403922  x:  1.50589   0.24926   0.26291   0.04464   0.02011   0.01407   0.02034   0.02402   0.06779   0.06465   0.18004   0.26346   0.06394   0.05274   0.23661   0.39859   0.44476   0.25310   0.22987   0.27365   0.51076   2.44652   0.67389   1.34069   1.65756   0.33587  
 40  0.0004  12249.403390  x:  1.50548   0.24914   0.26293   0.04463   0.02014   0.01413   0.02030   0.02410   0.06785   0.06479   0.17988   0.26345   0.06394   0.05274   0.23640   0.39870   0.44497   0.25319   0.22988   0.27361   0.51056   2.44585   0.67423   1.33862   1.65781   0.33567  
 41  0.0010  12249.403355  x:  1.50559   0.24916   0.26291   0.04464   0.02014   0.01415   0.02027   0.02409   0.06783   0.06478   0.17996   0.26347   0.06394   0.05274   0.23644   0.39868   0.44496   0.25318   0.22989   0.27368   0.51054   2.44591   0.67416   1.33836   1.65798   0.33567  
 42  0.0003  12249.403354  x:  1.50560   0.24916   0.26291   0.04464   0.02014   0.01415   0.02027   0.02409   0.06783   0.06479   0.17996   0.26347   0.06394   0.05274   0.23645   0.39868   0.44496   0.25317   0.22988   0.27368   0.51053   2.44595   0.67417   1.33841   1.65808   0.33567  
 43  0.0001  12249.403354  x:  1.50560   0.24916   0.26291   0.04464   0.02014   0.01415   0.02027   0.02409   0.06783   0.06479   0.17996   0.26347   0.06394   0.05274   0.23645   0.39868   0.44496   0.25317   0.22988   0.27368   0.51053   2.44595   0.67418   1.33842   1.65811   0.33567  
 44  0.0000  12249.403354  x:  1.50560   0.24916   0.26291   0.04464   0.02014   0.01415   0.02027   0.02409   0.06783   0.06479   0.17996   0.26347   0.06394   0.05274   0.23645   0.39868   0.44496   0.25317   0.22988   0.27368   0.51053   2.44595   0.67418   1.33842   1.65812   0.33567  
 45  0.0000  12249.403354  x:  1.50560   0.24916   0.26291   0.04464   0.02014   0.01415   0.02027   0.02409   0.06783   0.06479   0.17996   0.26347   0.06394   0.05274   0.23645   0.39868   0.44496   0.25317   0.22988   0.27368   0.51053   2.44595   0.67418   1.33842   1.65812   0.33567  
 46  0.0000  12249.403354  x:  1.50560   0.24916   0.26291   0.04464   0.02014   0.01415   0.02027   0.02409   0.06783   0.06479   0.17996   0.26347   0.06394   0.05274   0.23645   0.39868   0.44496   0.25317   0.22988   0.27368   0.51053   2.44595   0.67418   1.33842   1.65812   0.33567  
 47  0.0000  12249.403354  x:  1.50560   0.24916   0.26291   0.04464   0.02014   0.01415   0.02027   0.02409   0.06783   0.06479   0.17996   0.26347   0.06394   0.05274   0.23645   0.39868   0.44496   0.25317   0.22988   0.27368   0.51053   2.44595   0.67418   1.33842   1.65812   0.33567  

Model 1: NearlyNeutral

TREE # 1

  0  0.0000  14145.631496  x:  0.06921   0.08723   0.09776   0.03511   0.01949   0.05290   0.03943   0.04872   0.06432   0.06929   0.03943   0.10460   0.04852   0.10529   0.10021   0.07391   0.09264   0.06071   0.09657   0.05851   0.04561   2.44595   0.62377   1.30478   1.56935   0.67655   0.36645  
  1 99.0000  12333.235696  x:  0.63101   0.22177   0.16861   0.04368   0.00269   0.00000   0.00066   0.01307   0.06120   0.10767   0.19727   0.17279   0.05336   0.07332   0.16832   0.25601   0.25382   0.19047   0.17885   0.32005   0.49027   2.44470   0.62985   1.30626   1.56750   0.71883   0.26933  
  2 8976.9867  12318.915737  x:  0.63534   0.22281   0.16916   0.04375   0.00256   0.00004   0.00036   0.01280   0.06117   0.10797   0.19848   0.17332   0.05340   0.07307   0.16884   0.25742   0.25506   0.19148   0.17948   0.32207   0.49369   2.44469   0.62990   1.30627   1.56749   0.71916   0.26858  
  3 2010755.1873  12198.595813  x:  0.80522   0.26361   0.19079   0.04633   0.00359   0.00058   0.05878   0.00339   0.06030   0.11947   0.24598   0.19424   0.05491   0.06312   0.18966   0.31261   0.30401   0.23080   0.20452   0.40083   0.62765   2.44432   0.63180   1.30673   1.56690   0.73216   0.23804  
  4 124144.7293  12163.186285  x:  0.82020   0.26733   0.19315   0.04636   0.02714   0.00060   0.06072   0.03035   0.06037   0.11979   0.24901   0.19692   0.05533   0.06160   0.19199   0.31750   0.30876   0.23418   0.20689   0.40642   0.63770   2.44434   0.63214   1.30681   1.56677   0.73324   0.23150  
  5 5699.9593  12115.584626  x:  0.84268   0.27576   0.20809   0.04128   0.03660   0.00058   0.05951   0.02136   0.06531   0.10193   0.22288   0.22205   0.06365   0.04427   0.20782   0.32509   0.32690   0.23633   0.21435   0.37905   0.60651   2.44582   0.63727   1.30777   1.56457   0.72803   0.12561  
  6 640.7013  12087.461411  x:  0.90525   0.28950   0.22706   0.02985   0.01198   0.00060   0.06122   0.04187   0.05234   0.06551   0.17522   0.24898   0.05810   0.03368   0.22018   0.33792   0.35982   0.23565   0.21967   0.33141   0.55791   2.44933   0.64673   1.30933   1.56033   0.65461   0.10382  
  7 491.9983  12066.564727  x:  0.96987   0.30156   0.24506   0.04195   0.03114   0.00059   0.06002   0.02621   0.05678   0.03387   0.13171   0.27071   0.05917   0.04271   0.22960   0.35124   0.39122   0.23425   0.22334   0.28345   0.50889   2.45342   0.65694   1.31145   1.55546   0.58343   0.09843  
  8 1417.3144  12061.496369  x:  0.99797   0.30210   0.25760   0.05045   0.02399   0.00059   0.06046   0.03217   0.06553   0.05160   0.13635   0.26927   0.06656   0.05981   0.23093   0.35986   0.40145   0.23264   0.22240   0.25979   0.47898   2.45725   0.66492   1.31460   1.55074   0.57741   0.09592  
  9 263.2591  12057.091923  x:  1.02998   0.29869   0.26727   0.03987   0.02992   0.00059   0.05996   0.02716   0.06127   0.07156   0.14909   0.26214   0.05880   0.05161   0.23019   0.36847   0.41023   0.23098   0.22073   0.23555   0.44321   2.46314   0.67619   1.31956   1.54365   0.58086   0.10003  
 10 299.1622  12054.931933  x:  1.05825   0.28729   0.25845   0.04970   0.02752   0.00059   0.06008   0.02906   0.06274   0.06139   0.15221   0.25127   0.06042   0.04061   0.22390   0.36719   0.41184   0.22977   0.21878   0.22866   0.41868   2.47120   0.68898   1.32592   1.53471   0.59713   0.10338  
 11 128.3586  12053.332186  x:  1.08242   0.27532   0.24899   0.04425   0.02758   0.00059   0.06009   0.02896   0.05666   0.05018   0.15223   0.24257   0.06521   0.04710   0.21850   0.36377   0.41193   0.22828   0.21648   0.22679   0.39975   2.47913   0.70076   1.33209   1.52605   0.61166   0.10424  
 12 267.7401  12052.711172  x:  1.09326   0.26538   0.24623   0.04151   0.02691   0.00059   0.06016   0.02952   0.06219   0.05053   0.14744   0.24145   0.05590   0.05106   0.21751   0.35819   0.40999   0.22575   0.21333   0.23179   0.39312   2.48542   0.70815   1.33678   1.51948   0.61477   0.10276  
 13 82.8426  12051.989663  x:  1.10573   0.24687   0.24623   0.04166   0.02745   0.00059   0.06017   0.02908   0.06025   0.06064   0.13861   0.24528   0.06043   0.04796   0.21893   0.34710   0.40537   0.22151   0.20809   0.24391   0.38611   2.49825   0.72047   1.34613   1.50647   0.61193   0.10183  
 14 74.9121  12051.673151  x:  1.10525   0.23758   0.24626   0.04492   0.02753   0.00059   0.06016   0.02903   0.05662   0.06005   0.14533   0.24908   0.05802   0.04953   0.22077   0.34553   0.40479   0.22655   0.21316   0.24856   0.38284   2.51172   0.72804   1.35572   1.49348   0.60599   0.09993  
 15 32.8472  12051.407064  x:  1.10318   0.23225   0.24699   0.04131   0.02749   0.00059   0.06016   0.02908   0.06205   0.05800   0.15000   0.25059   0.06103   0.04836   0.22119   0.34672   0.40662   0.23024   0.21680   0.25185   0.38152   2.52630   0.73448   1.36607   1.47959   0.60117   0.10011  
 16 69.0784  12050.466689  x:  1.09049   0.23398   0.25535   0.04278   0.02751   0.00059   0.06012   0.02904   0.05993   0.05569   0.14593   0.24322   0.06026   0.04878   0.21512   0.36118   0.42658   0.22808   0.21355   0.25852   0.38698   2.59169   0.75291   1.41244   1.41806   0.59682   0.09865  
 17 55.6556  12050.042380  x:  1.08958   0.24059   0.25008   0.04288   0.02732   0.00059   0.06011   0.02917   0.06014   0.05571   0.14614   0.25066   0.05993   0.04923   0.22682   0.35660   0.43196   0.22579   0.21064   0.25182   0.39158   2.62541   0.74812   1.43596   1.38777   0.60110   0.10184  
 18 46.2896  12049.440977  x:  1.09693   0.24752   0.24124   0.04218   0.02740   0.00059   0.06015   0.02911   0.06047   0.06161   0.14515   0.24715   0.06003   0.04873   0.21841   0.34310   0.42582   0.22976   0.21437   0.23827   0.40097   2.67410   0.71839   1.46889   1.34637   0.59604   0.09800  
 19 46.1978  12048.890493  x:  1.10556   0.24323   0.24904   0.04206   0.02727   0.00059   0.06020   0.02922   0.06052   0.05642   0.14811   0.24893   0.05994   0.04872   0.21764   0.35111   0.40793   0.22307   0.20967   0.23636   0.40123   2.71538   0.67441   1.49705   1.31071   0.59438   0.09657  
 20 44.8817  12048.679745  x:  1.10782   0.24342   0.25274   0.04206   0.02720   0.00059   0.06016   0.02924   0.06037   0.05722   0.14201   0.24830   0.05972   0.04885   0.22058   0.35427   0.40602   0.22881   0.21548   0.24201   0.39530   2.72764   0.65512   1.50653   1.29751   0.59808   0.09884  
 21 33.9800  12048.431509  x:  1.10984   0.24776   0.24776   0.04223   0.02738   0.00059   0.06014   0.02909   0.06061   0.05838   0.14585   0.24634   0.06005   0.04881   0.22148   0.35293   0.41556   0.22794   0.21307   0.25699   0.38361   2.73266   0.63343   1.51381   1.28325   0.59436   0.09757  
 22 17.8965  12047.869063  x:  1.11473   0.23916   0.25263   0.04213   0.02748   0.00059   0.06009   0.02894   0.06075   0.05731   0.14817   0.26245   0.05966   0.04907   0.20661   0.34855   0.43200   0.22622   0.21460   0.25801   0.38466   2.71424   0.61597   1.51705   1.25058   0.60064   0.10059  
 23  7.7509  12044.983394  x:  1.14202   0.18514   0.25517   0.04238   0.02785   0.00059   0.06001   0.02846   0.06072   0.05601   0.15009   0.24265   0.06014   0.04891   0.22124   0.34669   0.47568   0.22824   0.21364   0.24177   0.41565   2.60955   0.55771   1.52047   1.09087   0.59981   0.09920  
 24 48.5752  12042.467341  x:  1.17142   0.20809   0.22991   0.04227   0.02819   0.00059   0.05990   0.02802   0.06136   0.06569   0.14664   0.25484   0.06040   0.04884   0.21611   0.37357   0.44209   0.24365   0.20416   0.24771   0.41995   2.54387   0.55187   1.50123   0.97257   0.59528   0.09788  
 25 40.7024  12040.335131  x:  1.20019   0.24701   0.25631   0.04256   0.02872   0.00059   0.05979   0.02743   0.06172   0.05615   0.15659   0.24702   0.06120   0.04890   0.21949   0.35274   0.41264   0.23606   0.21467   0.26116   0.42150   2.51423   0.55793   1.47054   0.89812   0.59523   0.09873  
 26 56.8204  12024.769087  x:  1.37677   0.22724   0.22582   0.04323   0.03201   0.00058   0.05909   0.02366   0.06378   0.07584   0.17200   0.24902   0.06321   0.04901   0.22596   0.38839   0.44765   0.18960   0.28015   0.27645   0.49998   2.73008   0.56971   1.09116   0.88172   0.60401   0.10254  
 27 19.9006  12019.653770  x:  1.43339   0.22041   0.24617   0.04356   0.03300   0.00058   0.05885   0.02247   0.06430   0.06911   0.18244   0.24880   0.06389   0.04910   0.22634   0.37885   0.46315   0.25257   0.22235   0.27740   0.52505   2.80459   0.57330   0.97945   0.89474   0.60960   0.10416  
 28 123.1286  12010.928363  x:  1.55700   0.25998   0.25865   0.04430   0.03466   0.00057   0.05836   0.02033   0.06590   0.06573   0.19399   0.24959   0.06566   0.04945   0.23126   0.38420   0.43168   0.27286   0.21701   0.28970   0.57119   2.74831   0.65610   1.52856   1.34091   0.60389   0.10492  
 29 17.1601  11999.617736  x:  1.85799   0.23209   0.28114   0.04822   0.02733   0.00057   0.05748   0.02476   0.06969   0.06604   0.17652   0.28866   0.06729   0.05348   0.24991   0.42971   0.54174   0.26995   0.24267   0.25073   0.60168   2.86574   0.63558   1.51127   1.27321   0.51755   0.08357  
 30  0.2344  11996.663807  x:  2.04340   0.20521   0.27435   0.04544   0.02570   0.00056   0.05644   0.02450   0.06630   0.06426   0.17546   0.27649   0.06516   0.05188   0.24313   0.42278   0.55251   0.27156   0.22879   0.22347   0.61127   2.86606   0.63073   1.46989   1.23913   0.54438   0.09846  
 31  0.1271  11995.727651  x:  2.13837   0.19824   0.27262   0.04413   0.02646   0.00055   0.05543   0.02278   0.06562   0.06295   0.17406   0.27327   0.06538   0.05031   0.24100   0.41631   0.55126   0.27033   0.22685   0.21216   0.61124   2.85936   0.62909   1.44996   1.22020   0.54954   0.08850  
 32  0.0971  11995.373053  x:  2.22140   0.20553   0.27268   0.04684   0.02550   0.00054   0.05412   0.02275   0.06811   0.06690   0.17777   0.27592   0.06646   0.05266   0.24199   0.41542   0.54606   0.27004   0.23476   0.21602   0.61568   2.87122   0.62399   1.44463   1.20829   0.53813   0.08767  
 33  0.0430  11994.756818  x:  2.28203   0.22004   0.27586   0.04358   0.02635   0.00050   0.04934   0.02143   0.06675   0.06667   0.17968   0.27992   0.06593   0.05142   0.24455   0.41662   0.53357   0.27562   0.22604   0.23048   0.60634   2.91173   0.61544   1.46284   1.16056   0.54739   0.08966  
 34  0.0148  11993.141009  x:  2.21440   0.25588   0.27346   0.04541   0.02307   0.00039   0.03743   0.02546   0.06616   0.06305   0.17448   0.27413   0.06556   0.05056   0.24282   0.42051   0.50015   0.26749   0.23246   0.25287   0.57885   2.85493   0.62100   1.48146   1.17664   0.54584   0.08670  
 35  0.0236  11992.250607  x:  2.11680   0.23103   0.27057   0.04561   0.02667   0.00035   0.03230   0.02328   0.06646   0.06581   0.17378   0.27178   0.06542   0.05126   0.23927   0.41604   0.51597   0.26687   0.23117   0.23405   0.58544   2.85265   0.61860   1.46236   1.19574   0.54505   0.08930  
 36  0.0537  11992.077262  x:  2.14277   0.20725   0.27067   0.04551   0.02596   0.00036   0.03302   0.02351   0.06705   0.06539   0.17515   0.27360   0.06568   0.05181   0.23997   0.41242   0.53602   0.26941   0.22838   0.21822   0.60199   2.86855   0.62295   1.44998   1.20152   0.54860   0.08901  
 37  0.0392  11992.048908  x:  2.15465   0.20744   0.27113   0.04523   0.02548   0.00035   0.03174   0.02375   0.06687   0.06508   0.17568   0.27397   0.06566   0.05159   0.24064   0.41293   0.53767   0.26899   0.22949   0.21876   0.60531   2.86736   0.62490   1.45136   1.20626   0.54892   0.08880  
 38  0.0121  11992.032628  x:  2.14954   0.20668   0.27156   0.04515   0.02527   0.00035   0.03237   0.02374   0.06659   0.06498   0.17589   0.27371   0.06557   0.05129   0.24086   0.41419   0.54091   0.26832   0.23067   0.21861   0.60981   2.86415   0.62558   1.45261   1.21472   0.54752   0.08886  
 39  0.0050  11991.915391  x:  2.14126   0.20610   0.27215   0.04558   0.02464   0.00036   0.03170   0.02277   0.06630   0.06499   0.17514   0.27291   0.06534   0.05096   0.23996   0.41529   0.54235   0.26920   0.22731   0.21766   0.61543   2.87429   0.61885   1.45461   1.20589   0.54630   0.08870  
 40  0.0023  11991.652922  x:  2.12276   0.21087   0.27184   0.04593   0.02186   0.00039   0.03019   0.01996   0.06621   0.06513   0.17293   0.27181   0.06512   0.05080   0.23845   0.41485   0.53556   0.26853   0.22438   0.21490   0.62038   2.87512   0.61388   1.45216   1.18689   0.54835   0.08885  
 41  0.0141  11991.101899  x:  2.08948   0.21839   0.26775   0.04388   0.01896   0.00044   0.02967   0.02076   0.06736   0.06505   0.17513   0.27372   0.06581   0.05219   0.24058   0.40678   0.51547   0.26555   0.23372   0.21557   0.59234   2.83467   0.63479   1.44521   1.20562   0.55623   0.08973  
 42  0.0146  11989.336673  x:  2.14305   0.20506   0.26722   0.04158   0.02594   0.00062   0.02723   0.01775   0.06629   0.06754   0.18877   0.27670   0.06637   0.05140   0.24530   0.40337   0.52930   0.27001   0.24261   0.23320   0.55848   2.84235   0.65270   1.46157   1.27652   0.55400   0.08924  
 43  0.0148  11985.023785  x:  2.17938   0.17122   0.27192   0.04740   0.01798   0.00110   0.01867   0.02496   0.06520   0.06215   0.19063   0.27184   0.06505   0.04975   0.24284   0.41709   0.58651   0.27970   0.22442   0.25691   0.56914   2.92598   0.63208   1.50821   1.34708   0.54711   0.08961  
 44  0.0501  11981.562061  x:  2.13980   0.18589   0.27136   0.04736   0.01906   0.00189   0.03123   0.02424   0.06773   0.06416   0.16500   0.27084   0.06469   0.05197   0.23422   0.42156   0.57370   0.26768   0.21947   0.24850   0.57600   2.89158   0.62367   1.47626   1.30001   0.55259   0.08915  
 45  0.0301  11977.160978  x:  2.10987   0.20174   0.26631   0.04219   0.01949   0.00306   0.01758   0.01969   0.06886   0.06874   0.16113   0.27464   0.06574   0.05317   0.23652   0.40906   0.53573   0.25775   0.23508   0.22850   0.57160   2.83146   0.64402   1.43444   1.25756   0.56215   0.09008  
 46  0.0476  11973.562016  x:  2.23420   0.20798   0.27368   0.04498   0.02157   0.00519   0.02261   0.02696   0.06635   0.06487   0.18549   0.27645   0.06632   0.05061   0.24678   0.41245   0.53807   0.27600   0.22931   0.21894   0.62755   2.90672   0.61658   1.46385   1.18443   0.54066   0.08873  
 47  0.0629  11971.747906  x:  2.09300   0.22132   0.26948   0.04592   0.01931   0.00738   0.01740   0.02562   0.06672   0.06369   0.17473   0.27044   0.06512   0.05103   0.23874   0.41157   0.51820   0.26668   0.22836   0.19582   0.62945   2.83479   0.61191   1.43640   1.15305   0.55052   0.08846  
 48  0.0775  11970.442559  x:  2.15594   0.22409   0.27090   0.04463   0.02073   0.01039   0.02378   0.02350   0.06797   0.06612   0.17257   0.27475   0.06546   0.05217   0.23880   0.41485   0.52406   0.26487   0.23315   0.20756   0.61716   2.83338   0.62586   1.44374   1.19211   0.55031   0.08933  
 49  0.0274  11969.852671  x:  2.17433   0.20778   0.27169   0.04494   0.02016   0.01267   0.01975   0.02390   0.06716   0.06496   0.17780   0.27480   0.06574   0.05151   0.24136   0.41439   0.54077   0.27128   0.22848   0.22098   0.60736   2.87844   0.62488   1.46382   1.22489   0.54705   0.08909  
 50  0.0390  11969.782740  x:  2.13967   0.20668   0.27045   0.04511   0.02004   0.01366   0.02022   0.02374   0.06706   0.06502   0.17491   0.27340   0.06559   0.05146   0.24030   0.41351   0.53872   0.26872   0.22941   0.21950   0.60351   2.86382   0.62433   1.45379   1.21753   0.54917   0.08917  
 51  0.0274  11969.773771  x:  2.15119   0.20785   0.27089   0.04504   0.02002   0.01408   0.02020   0.02387   0.06710   0.06522   0.17556   0.27385   0.06562   0.05148   0.24072   0.41365   0.53825   0.26880   0.22988   0.21996   0.60545   2.86340   0.62311   1.45233   1.21033   0.54848   0.08915  
 52  0.0091  11969.773462  x:  2.14981   0.20763   0.27092   0.04506   0.02009   0.01410   0.02021   0.02392   0.06713   0.06514   0.17561   0.27385   0.06563   0.05149   0.24068   0.41366   0.53847   0.26893   0.22971   0.21935   0.60611   2.86322   0.62307   1.45234   1.21004   0.54838   0.08914  
 53  0.0015  11969.773449  x:  2.14979   0.20783   0.27092   0.04506   0.02007   0.01410   0.02021   0.02392   0.06713   0.06513   0.17560   0.27385   0.06563   0.05150   0.24066   0.41367   0.53831   0.26894   0.22970   0.21922   0.60624   2.86317   0.62307   1.45250   1.21003   0.54838   0.08914  
 54  0.0003  11969.773448  x:  2.14985   0.20786   0.27092   0.04506   0.02008   0.01410   0.02021   0.02392   0.06713   0.06513   0.17560   0.27385   0.06563   0.05150   0.24066   0.41367   0.53828   0.26894   0.22971   0.21921   0.60624   2.86323   0.62311   1.45257   1.21016   0.54838   0.08914  
 55  0.0001  11969.773448  x:  2.14984   0.20786   0.27092   0.04506   0.02008   0.01410   0.02021   0.02392   0.06713   0.06513   0.17560   0.27385   0.06563   0.05150   0.24067   0.41367   0.53828   0.26894   0.22971   0.21921   0.60624   2.86324   0.62311   1.45258   1.21019   0.54838   0.08914  
 56  0.0000  11969.773448  x:  2.14984   0.20786   0.27092   0.04506   0.02008   0.01410   0.02021   0.02392   0.06713   0.06513   0.17560   0.27385   0.06563   0.05150   0.24067   0.41367   0.53828   0.26894   0.22971   0.21921   0.60624   2.86324   0.62311   1.45258   1.21019   0.54838   0.08914  
 57  0.0000  11969.773448  x:  2.14984   0.20786   0.27092   0.04506   0.02008   0.01410   0.02021   0.02392   0.06713   0.06513   0.17560   0.27385   0.06563   0.05150   0.24067   0.41367   0.53828   0.26894   0.22971   0.21921   0.60624   2.86324   0.62311   1.45258   1.21019   0.54838   0.08914  
 58  0.0000  11969.773448  x:  2.14984   0.20786   0.27092   0.04506   0.02008   0.01410   0.02021   0.02392   0.06713   0.06513   0.17560   0.27385   0.06563   0.05150   0.24067   0.41367   0.53828   0.26894   0.22971   0.21921   0.60624   2.86324   0.62311   1.45258   1.21019   0.54838   0.08914  
check convergence!


Model 2: PositiveSelection

TREE # 1

  0  0.0000  14469.983032  x:  0.06338   0.09396   0.10336   0.03921   0.01845   0.07637   0.05874   0.06298   0.01936   0.07480   0.01362   0.02309   0.10847   0.05358   0.02221   0.03909   0.06111   0.10799   0.07281   0.04593   0.08841   2.86324   0.59650   1.42718   1.15361   1.22900   0.36869   0.28377   2.79055  
  1 99.0000  12619.540440  x:  0.39184   0.15709   0.13140   0.03871   0.00000   0.03346   0.02044   0.02702   0.06143   0.08922   0.29494   0.26850   0.08765   0.04510   0.28732   0.25823   0.18372   0.13589   0.12374   0.19839   0.20967   2.86228   0.59973   1.42800   1.15250   1.24253   0.36553   0.25089   2.79035  
  2 12455.1899  12535.088424  x:  0.50639   0.18161   0.14389   0.03982   0.16057   0.01525   0.00789   0.01751   0.07549   0.09398   0.38410   0.34701   0.07884   0.04111   0.37165   0.33054   0.22837   0.14877   0.14445   0.25119   0.25464   2.86198   0.60122   1.42837   1.15195   1.24825   0.36446   0.23635   2.78944  
  3 26270.9860  12413.215147  x:  0.64896   0.26786   0.23189   0.04898   0.16810   0.00516   0.25803   0.03406   0.04807   0.09337   0.30256   0.28759   0.05609   0.03924   0.29768   0.32802   0.32258   0.24481   0.23849   0.30095   0.36271   2.86235   0.61107   1.43033   1.14840   1.27597   0.36826   0.14350   2.76661  
  4 1398.5978  12344.221315  x:  0.71928   0.30190   0.26163   0.05743   0.16422   0.00213   0.21643   0.00274   0.06622   0.09010   0.24318   0.25141   0.07701   0.06439   0.24913   0.32561   0.36010   0.27014   0.26078   0.31743   0.40866   2.86215   0.61647   1.43117   1.14672   1.28777   0.37775   0.11932   2.75055  
  5 880.5987  12280.007814  x:  0.83794   0.35711   0.30886   0.07102   0.15649   0.01117   0.13313   0.03314   0.09269   0.08422   0.14624   0.19458   0.10556   0.09778   0.17154   0.32364   0.42151   0.30945   0.29498   0.34425   0.48398   2.86180   0.62544   1.43258   1.14392   1.30701   0.39474   0.08542   2.72323  
  6 5813.2768  12243.886029  x:  0.90244   0.38676   0.33368   0.04956   0.15222   0.00378   0.08547   0.03216   0.06053   0.07795   0.08948   0.17095   0.07735   0.06639   0.13900   0.31927   0.45274   0.32964   0.31012   0.34901   0.52318   2.86173   0.63094   1.43377   1.14186   1.31534   0.41210   0.12357   2.70329  
  7 946.8819  12240.863450  x:  0.91045   0.39066   0.33710   0.04741   0.15193   0.01307   0.07954   0.03007   0.05601   0.07704   0.08298   0.16850   0.07291   0.06122   0.13608   0.31818   0.45653   0.33222   0.31177   0.34845   0.52814   2.86176   0.63172   1.43397   1.14154   1.31696   0.41470   0.12677   2.70002  
  8 1404.3978  12235.163610  x:  0.91895   0.39971   0.34802   0.05829   0.15073   0.01203   0.06455   0.02784   0.04822   0.07359   0.07814   0.16662   0.05838   0.04117   0.14227   0.30470   0.46002   0.33743   0.31056   0.32841   0.53632   2.86239   0.63426   1.43505   1.14002   1.32849   0.42566   0.10736   2.68256  
  9 255.3720  12228.313180  x:  0.93308   0.41765   0.36985   0.05792   0.15044   0.01206   0.05517   0.02856   0.02752   0.06286   0.08500   0.16949   0.06168   0.05172   0.15536   0.27865   0.46395   0.34668   0.30438   0.27693   0.55149   2.86435   0.64009   1.43786   1.13617   1.35451   0.45526   0.10588   2.63918  
 10 258.4081  12220.062595  x:  0.95284   0.44254   0.39955   0.06284   0.15017   0.01304   0.05230   0.02932   0.04430   0.04581   0.09537   0.17369   0.05955   0.05180   0.16628   0.24856   0.46783   0.35839   0.29313   0.20142   0.57349   2.86741   0.64869   1.44213   1.13038   1.39324   0.50222   0.12401   2.57204  
 11 762.8070  12213.939350  x:  0.96122   0.45444   0.41037   0.04058   0.15023   0.01250   0.05229   0.02941   0.04838   0.03538   0.10633   0.17695   0.06821   0.03852   0.14888   0.26622   0.46025   0.35636   0.27186   0.15421   0.59199   2.87017   0.65501   1.44586   1.12588   1.43412   0.54947   0.11542   2.50166  
 12 267.9048  12205.920243  x:  0.96895   0.46188   0.40861   0.05692   0.15044   0.01207   0.05852   0.02824   0.04103   0.02625   0.09773   0.18373   0.04730   0.05270   0.13609   0.30461   0.43804   0.34246   0.23221   0.11943   0.62230   2.87442   0.66339   1.45182   1.11950   1.50320   0.63291   0.11597   2.37770  
 13 345.8291  12196.594968  x:  0.97472   0.46353   0.39553   0.06521   0.15094   0.01146   0.06995   0.02795   0.03719   0.02946   0.07201   0.18030   0.06988   0.03954   0.16073   0.31657   0.40565   0.32650   0.19577   0.12069   0.65956   2.87908   0.67186   1.45938   1.11253   1.59611   0.74770   0.12165   2.20568  
 14 464.7866  12182.152498  x:  0.97618   0.45647   0.36758   0.03702   0.15074   0.01077   0.07066   0.02792   0.04793   0.05435   0.08771   0.15522   0.04666   0.04790   0.17164   0.29169   0.35762   0.31550   0.18334   0.15663   0.70102   2.88407   0.67982   1.47041   1.10494   1.74298   0.93311   0.11651   1.92519  
 15 627.0209  12171.560585  x:  0.97889   0.44059   0.33156   0.05547   0.15044   0.01107   0.06770   0.02653   0.03837   0.05814   0.11245   0.17386   0.05485   0.03665   0.13953   0.27028   0.33158   0.32034   0.22033   0.18326   0.70537   2.88497   0.67901   1.47765   1.10361   1.85594   1.08387   0.12440   1.69718  
 16 634.0191  12164.853339  x:  0.98194   0.42109   0.30427   0.04074   0.15038   0.01034   0.06657   0.02665   0.04506   0.04904   0.08889   0.20044   0.04824   0.04214   0.14431   0.27205   0.33373   0.32639   0.26596   0.18512   0.67199   2.88090   0.66970   1.48008   1.10914   1.92487   1.18249   0.11662   1.54688  
 17 409.4154  12157.977569  x:  0.99442   0.39464   0.29856   0.04694   0.15050   0.01040   0.06576   0.02612   0.04202   0.06881   0.08711   0.16815   0.04999   0.04151   0.15894   0.30133   0.36760   0.32460   0.31055   0.17778   0.59614   2.86851   0.64771   1.47979   1.12426   1.99059   1.29035   0.11970   1.38237  
 18 307.4888  12153.310281  x:  1.01559   0.36565   0.32939   0.04580   0.15106   0.00985   0.07335   0.02548   0.04121   0.05977   0.08568   0.17719   0.04884   0.04054   0.14730   0.28481   0.42510   0.29285   0.28206   0.20333   0.52128   2.84350   0.61740   1.47469   1.14982   2.02326   1.36683   0.11474   1.26189  
 19 137.2365  12152.721610  x:  1.00946   0.35693   0.33300   0.04626   0.15102   0.00992   0.07219   0.02545   0.04088   0.04236   0.08899   0.17177   0.04866   0.04030   0.14961   0.28705   0.43560   0.30206   0.27701   0.20934   0.52037   2.83105   0.61323   1.47259   1.15836   2.02201   1.37342   0.11466   1.24262  
 20 43.9441  12151.594536  x:  0.98395   0.33642   0.35109   0.04647   0.15081   0.01023   0.06724   0.02573   0.04155   0.04800   0.08855   0.18039   0.04901   0.04076   0.15075   0.29390   0.46075   0.33422   0.26493   0.21594   0.52946   2.78947   0.60747   1.46658   1.18343   2.01099   1.38012   0.11614   1.19570  
 21 59.2973  12148.630101  x:  0.98245   0.31114   0.29903   0.04646   0.15094   0.01010   0.07143   0.02557   0.04195   0.06135   0.09193   0.17926   0.04948   0.04100   0.15035   0.28474   0.51025   0.32610   0.25182   0.19373   0.56462   2.61586   0.63638   1.44639   1.26993   1.92910   1.35530   0.11040   1.04262  
 22 36.3981  12147.289421  x:  0.98362   0.30838   0.30407   0.04654   0.15095   0.01012   0.07122   0.02557   0.04206   0.06023   0.09203   0.17944   0.04963   0.04119   0.15097   0.28566   0.50517   0.32111   0.25505   0.19289   0.56643   2.57454   0.64861   1.44143   1.28992   1.90837   1.34068   0.10996   1.00000  
 23 103.9871  12146.306398  x:  0.99546   0.33768   0.29202   0.04661   0.15100   0.01016   0.07014   0.02552   0.04246   0.06180   0.09253   0.18060   0.04988   0.04162   0.15032   0.28565   0.48428   0.34579   0.23607   0.19554   0.54447   2.50016   0.66275   1.42605   1.34247   1.86656   1.28955   0.10966   1.00000  
 24 33.0083  12142.211008  x:  0.97106   0.36916   0.27849   0.04580   0.15007   0.01069   0.05699   0.02557   0.04346   0.05981   0.09639   0.18454   0.04981   0.04199   0.15355   0.28797   0.51214   0.29886   0.24143   0.18446   0.57961   2.43318   0.64023   1.35466   1.55062   1.76122   0.99933   0.12080   1.00000  
 25 16.4335  12136.381450  x:  1.02207   0.24969   0.25383   0.04458   0.14977   0.01068   0.04957   0.02474   0.04428   0.06938   0.09734   0.18138   0.05054   0.04314   0.15004   0.27595   0.53032   0.30991   0.20544   0.15369   0.59750   2.42426   0.73291   1.30211   1.75792   1.58177   0.66607   0.12194   1.00000  
 26 67.8784  12131.606538  x:  0.98074   0.27905   0.24798   0.04556   0.14909   0.01132   0.03533   0.02495   0.04641   0.06521   0.10305   0.18929   0.05243   0.04482   0.15412   0.28562   0.59240   0.29265   0.19492   0.16433   0.59642   2.45052   0.85803   1.38182   1.84344   1.35274   0.52689   0.11235   1.00000  
 27 35.2479  12126.647937  x:  1.00811   0.25913   0.25248   0.04641   0.14901   0.01169   0.02766   0.02476   0.04866   0.06935   0.10319   0.18876   0.05556   0.04747   0.15585   0.28682   0.54553   0.28520   0.19479   0.14750   0.62500   2.47011   0.77039   1.53526   1.90829   1.14168   0.49183   0.09414   1.00000  
 28 31.7118  12121.129264  x:  1.02228   0.23281   0.24538   0.04578   0.14820   0.01192   0.01470   0.02430   0.04934   0.06728   0.10283   0.18669   0.05632   0.04785   0.15259   0.28490   0.54695   0.28079   0.18731   0.15141   0.60561   2.42694   0.75005   1.75230   1.87908   1.28413   0.45482   0.10054   1.00000  
 29 14.9368  12115.990048  x:  1.02689   0.25944   0.25558   0.04733   0.14810   0.01225   0.00829   0.02413   0.05054   0.06697   0.10479   0.18713   0.05895   0.04915   0.15460   0.28990   0.49535   0.27025   0.20152   0.16348   0.58808   2.53130   0.78243   1.56259   1.92296   1.43988   0.68665   0.09325   1.00000  
 30  9.9090  12096.989832  x:  1.05624   0.25087   0.25143   0.04933   0.14955   0.01268   0.02049   0.02281   0.05650   0.06597   0.11971   0.19915   0.06721   0.05291   0.16875   0.30960   0.37089   0.21434   0.21177   0.20942   0.49046   2.61808   0.74224   1.49231   1.66270   1.80459   1.01729   0.08394   1.00000  
 31  2.8617  12094.005270  x:  1.05371   0.24428   0.24734   0.04889   0.14937   0.01288   0.01957   0.02262   0.05727   0.06536   0.12240   0.20271   0.06714   0.05283   0.17211   0.31366   0.38139   0.21725   0.20456   0.21548   0.47630   2.50025   0.64006   1.26276   1.18770   1.75608   0.97402   0.08462   1.00000  
 32  5.3832  12087.185554  x:  1.06598   0.26169   0.23998   0.04421   0.14817   0.01381   0.01843   0.02180   0.05820   0.06904   0.13116   0.21576   0.06236   0.04723   0.18989   0.32264   0.34636   0.24331   0.19339   0.22043   0.45169   2.63453   0.66058   1.46723   1.23553   1.62816   0.79702   0.10880   1.00000  
 33  0.7213  12070.109229  x:  1.06661   0.27260   0.24876   0.04071   0.13507   0.01482   0.01702   0.01625   0.06468   0.07428   0.15629   0.24028   0.05806   0.03960   0.23290   0.34715   0.50826   0.25847   0.24420   0.22745   0.49979   2.67216   0.73421   1.56355   1.47451   0.91613   0.03736   0.10323   1.00000  
 34  0.3233  12022.377116  x:  1.46539   0.29877   0.32569   0.05235   0.08830   0.01311   0.01750   0.00740   0.07422   0.05202   0.18686   0.26401   0.07386   0.06468   0.26222   0.39116   0.47331   0.28272   0.20751   0.26400   0.62329   2.79426   0.46934   1.45712   0.94645   0.21815  -1.11284   0.08307   1.00000  
 35  0.4250  11997.998051  x:  1.70479   0.29126   0.31944   0.05100   0.06112   0.01020   0.02078   0.01649   0.07542   0.05220   0.19140   0.26558   0.07832   0.06985   0.26131   0.41081   0.44949   0.27584   0.23389   0.27601   0.61143   2.97265   0.67832   1.48839   1.28538   0.59094  -1.06016   0.07939   1.00000  
 36  0.6414  11982.881826  x:  1.90676   0.26563   0.29958   0.04751   0.03868   0.00975   0.01965   0.02170   0.07553   0.05689   0.19754   0.27348   0.07607   0.06866   0.26738   0.42922   0.45414   0.24828   0.25029   0.26749   0.62081   2.97576   0.78674   1.46855   1.50774   0.18215  -1.88630   0.09390   1.00000  
 37  2.3042  11972.844659  x:  2.09437   0.23934   0.26394   0.04346   0.01581   0.01184   0.01877   0.02390   0.07270   0.06568   0.19603   0.27678   0.06866   0.05853   0.26350   0.43674   0.49493   0.25805   0.24877   0.24995   0.60311   2.93817   0.69863   1.51502   1.33760   0.25441  -2.11934   0.09277   1.00000  
 38  0.4141  11970.617677  x:  2.06402   0.23017   0.26101   0.04350   0.02214   0.01326   0.01874   0.02419   0.06910   0.06612   0.18673   0.27223   0.06454   0.05186   0.25237   0.42382   0.50797   0.26621   0.23204   0.23517   0.58755   2.86717   0.62943   1.48153   1.22671   0.36858  -1.95209   0.09193   1.00000  
 39  0.3662  11970.025598  x:  2.09623   0.22157   0.27196   0.04505   0.01936   0.01395   0.01949   0.02466   0.06700   0.06325   0.18167   0.27195   0.06415   0.05000   0.24573   0.41791   0.52488   0.27402   0.22176   0.22532   0.59324   2.84291   0.61758   1.44575   1.20866   0.31919  -2.03815   0.08916   1.00000  
 40  0.1214  11969.843657  x:  2.10451   0.21290   0.27180   0.04543   0.01941   0.01429   0.02012   0.02450   0.06656   0.06368   0.17739   0.27112   0.06575   0.05152   0.24028   0.41354   0.53120   0.26658   0.23069   0.22105   0.60110   2.84621   0.62094   1.44150   1.19483   0.31918  -2.04400   0.09000   1.00000  
 41  0.0217  11969.819592  x:  2.10690   0.20989   0.26978   0.04517   0.01964   0.01423   0.02026   0.02420   0.06677   0.06481   0.17599   0.27167   0.06577   0.05152   0.23937   0.41236   0.53262   0.26790   0.22963   0.22028   0.60263   2.85583   0.62498   1.45126   1.21991   0.32087  -2.04035   0.08948   1.00000  
 42  0.0281  11969.808869  x:  2.11115   0.20896   0.26997   0.04488   0.01961   0.01409   0.02029   0.02395   0.06702   0.06524   0.17494   0.27266   0.06549   0.05125   0.23930   0.41171   0.53485   0.26847   0.22863   0.21981   0.60303   2.86022   0.62521   1.45640   1.21126   0.32417  -2.03982   0.08935   1.00000  
 43  0.0089  11969.796870  x:  2.12092   0.20960   0.27124   0.04488   0.01971   0.01392   0.02017   0.02369   0.06737   0.06523   0.17412   0.27417   0.06536   0.05142   0.24050   0.41201   0.53419   0.26852   0.23001   0.21947   0.60331   2.85825   0.62246   1.45223   1.21125   0.31960  -2.05325   0.08967   1.00000  
 44  0.0055  11969.785529  x:  2.13322   0.21001   0.26989   0.04510   0.01998   0.01401   0.02008   0.02367   0.06727   0.06523   0.17422   0.27445   0.06574   0.05181   0.24088   0.41293   0.53554   0.26828   0.22900   0.21991   0.60425   2.85800   0.62308   1.44991   1.20676   0.31102  -2.06789   0.08904   1.00000  
 45  0.0072  11969.776243  x:  2.14651   0.20914   0.27062   0.04511   0.01997   0.01416   0.02013   0.02381   0.06695   0.06515   0.17474   0.27392   0.06579   0.05162   0.24070   0.41372   0.53647   0.26864   0.22920   0.21995   0.60553   2.86136   0.62186   1.44939   1.20865   0.31670  -2.07128   0.08927   1.00000  
 46  0.0088  11969.773862  x:  2.14923   0.20828   0.27101   0.04504   0.02009   0.01415   0.02018   0.02388   0.06700   0.06517   0.17527   0.27376   0.06566   0.05145   0.24080   0.41380   0.53745   0.26912   0.22977   0.21960   0.60586   2.86251   0.62355   1.45315   1.21061   0.31212  -2.07653   0.08912   1.00000  
 47  0.0071  11969.773505  x:  2.14983   0.20810   0.27093   0.04506   0.02008   0.01410   0.02021   0.02392   0.06709   0.06517   0.17550   0.27377   0.06563   0.05148   0.24074   0.41367   0.53819   0.26885   0.22972   0.21937   0.60603   2.86392   0.62308   1.45320   1.21050   0.31198  -2.07750   0.08914   1.00000  
 48  0.0014  11969.773459  x:  2.14990   0.20787   0.27090   0.04506   0.02008   0.01409   0.02021   0.02393   0.06713   0.06515   0.17557   0.27380   0.06563   0.05150   0.24069   0.41366   0.53821   0.26896   0.22972   0.21930   0.60614   2.86351   0.62297   1.45253   1.20990   0.31209  -2.07751   0.08912   1.00000  
 49  0.0008  11969.773449  x:  2.14986   0.20785   0.27093   0.04506   0.02008   0.01410   0.02021   0.02392   0.06714   0.06513   0.17559   0.27383   0.06563   0.05150   0.24067   0.41366   0.53825   0.26893   0.22969   0.21925   0.60619   2.86324   0.62314   1.45257   1.21022   0.31216  -2.07766   0.08914   1.00000  
 50  0.0003  11969.773448  x:  2.14985   0.20786   0.27091   0.04506   0.02008   0.01410   0.02021   0.02392   0.06713   0.06513   0.17560   0.27385   0.06563   0.05150   0.24066   0.41367   0.53828   0.26894   0.22971   0.21922   0.60622   2.86321   0.62312   1.45258   1.21021   0.31213  -2.07771   0.08914   1.00000  
 51  0.0001  11969.773448  x:  2.14984   0.20786   0.27092   0.04506   0.02008   0.01410   0.02021   0.02392   0.06713   0.06514   0.17560   0.27385   0.06563   0.05150   0.24066   0.41367   0.53828   0.26894   0.22971   0.21922   0.60624   2.86325   0.62311   1.45257   1.21019   0.31212  -2.07770   0.08914   1.00000  
 52  0.0000  11969.773448  x:  2.14984   0.20786   0.27092   0.04506   0.02008   0.01410   0.02021   0.02392   0.06713   0.06513   0.17560   0.27385   0.06563   0.05150   0.24066   0.41367   0.53828   0.26894   0.22971   0.21921   0.60624   2.86324   0.62311   1.45257   1.21019   0.31212  -2.07770   0.08914   1.00000  
 53  0.0000  11969.773448  x:  2.14984   0.20786   0.27092   0.04506   0.02008   0.01410   0.02021   0.02392   0.06713   0.06513   0.17560   0.27385   0.06563   0.05150   0.24066   0.41367   0.53827   0.26894   0.22971   0.21921   0.60624   2.86324   0.62311   1.45257   1.21019   0.31212  -2.07770   0.08914   1.00000  
 54  0.0000  11969.773448  x:  2.14984   0.20786   0.27092   0.04506   0.02008   0.01410   0.02021   0.02392   0.06713   0.06513   0.17560   0.27385   0.06563   0.05150   0.24067   0.41367   0.53827   0.26894   0.22971   0.21921   0.60624   2.86324   0.62311   1.45257   1.21019   0.31212  -2.07770   0.08914   1.00000  

Model 7: beta

TREE # 1

  0  0.0000  14608.856454  x:  0.07638   0.07449   0.01592   0.09606   0.03932   0.05937   0.08274   0.04491   0.04657   0.04954   0.03714   0.01703   0.06672   0.01235   0.02477   0.06667   0.10258   0.02894   0.05041   0.07419   0.06404   2.86324   0.59885   1.37005   1.18736   1.12516   1.92331  
  1 99.0000  12395.550245  x:  0.52535   0.22849   0.40432   0.07275   0.00000   0.00965   0.03368   0.01399   0.06274   0.14400   0.21120   0.58699   0.06801   0.15115   0.42609   0.26202   0.23889   0.30849   0.23231   0.24110   0.33287   2.85810   0.59955   1.36934   1.18910   1.10817   1.92611  
  2 13000.0261  12361.190018  x:  0.54255   0.23434   0.41821   0.07174   0.02913   0.00864   0.03152   0.01508   0.06340   0.14721   0.21738   0.60732   0.06771   0.15562   0.44033   0.26937   0.24431   0.31855   0.23894   0.24749   0.34305   2.85785   0.59956   1.36930   1.18920   1.10743   1.92621  
  3 26413.3700  12308.019244  x:  0.60027   0.25046   0.40611   0.05315   0.02706   0.05192   0.00558   0.04778   0.05841   0.13270   0.20838   0.58494   0.04466   0.11924   0.41951   0.28526   0.27383   0.31274   0.24038   0.26808   0.36911   2.85422   0.59871   1.36838   1.19160   1.09982   1.92571  
  4 990.3650  12261.781653  x:  0.68283   0.27308   0.38793   0.03024   0.02561   0.07791   0.04281   0.06945   0.05507   0.11121   0.19524   0.55149   0.01807   0.06902   0.38861   0.30813   0.31527   0.30407   0.24209   0.29647   0.40565   2.84882   0.59740   1.36703   1.19518   1.08848   1.92492  
  5 2997.0425  12146.380695  x:  0.86873   0.32061   0.33796   0.02577   0.02649   0.04326   0.03323   0.04590   0.07839   0.05767   0.16279   0.46104   0.07337   0.00000   0.30777   0.35947   0.40470   0.27973   0.24227   0.35343   0.48227   2.83514   0.59375   1.36371   1.20418   1.05978   1.92248  
  6 1777.2991  12078.021597  x:  1.06755   0.37024   0.27819   0.01538   0.02671   0.02089   0.03216   0.03389   0.09309   0.00000   0.12663   0.35373   0.11213   0.03319   0.21387   0.41284   0.50089   0.24921   0.23988   0.41284   0.56209   2.81992   0.58965   1.36009   1.21416   1.02767   1.91969  
  7 5065.1051  12057.725120  x:  1.12261   0.37971   0.26684   0.05045   0.02704   0.00687   0.02635   0.02475   0.08843   0.02080   0.13142   0.31581   0.09178   0.03722   0.19267   0.42621   0.52338   0.24021   0.23761   0.42062   0.57667   2.81418   0.58774   1.35892   1.21773   1.01426   1.91831  
  8 954.7385  12054.536699  x:  1.13393   0.38017   0.26521   0.05526   0.02744   0.01358   0.02705   0.01632   0.08668   0.02687   0.13510   0.30746   0.09309   0.03797   0.19077   0.42843   0.52633   0.23886   0.23709   0.41964   0.57763   2.81260   0.58713   1.35862   1.21870   1.01029   1.91782  
  9 745.2605  12041.322251  x:  1.19534   0.36988   0.25916   0.03758   0.02744   0.01132   0.02881   0.01878   0.05893   0.06500   0.17340   0.25705   0.11485   0.03842   0.20072   0.43420   0.52954   0.23478   0.23365   0.39395   0.56622   2.80076   0.58214   1.35632   1.22601   0.97895   1.91338  
 10 424.6633  12032.505758  x:  1.26420   0.34457   0.24617   0.04628   0.02646   0.01574   0.03345   0.03240   0.08615   0.06123   0.19794   0.22343   0.12017   0.03978   0.22679   0.42900   0.51929   0.23813   0.23315   0.34849   0.54076   2.78425   0.57600   1.35270   1.23623   0.93492   1.90536  
 11 318.2380  12023.105351  x:  1.33158   0.31597   0.23174   0.03506   0.02734   0.00991   0.02687   0.01693   0.09658   0.04657   0.21135   0.20018   0.10147   0.03975   0.24900   0.41992   0.50627   0.24178   0.23252   0.30153   0.51378   2.76660   0.57026   1.34871   1.24701   0.88970   1.89553  
 12 777.4626  12014.662038  x:  1.41070   0.27350   0.22480   0.05279   0.02733   0.01155   0.02832   0.01886   0.06246   0.03016   0.19187   0.21222   0.10592   0.03799   0.24378   0.40267   0.48249   0.24210   0.22692   0.24817   0.48385   2.73956   0.56590   1.34250   1.26241   0.82831   1.87602  
 13 287.1257  12009.946814  x:  1.45796   0.23858   0.23548   0.04107   0.02729   0.01142   0.02818   0.01971   0.07607   0.05573   0.16579   0.22776   0.10639   0.03827   0.21727   0.38812   0.46057   0.23612   0.21726   0.22460   0.47059   2.71299   0.56637   1.33665   1.27601   0.77758   1.85213  
 14 214.4351  12006.443088  x:  1.46998   0.20076   0.23312   0.04211   0.02732   0.01116   0.02795   0.01910   0.07504   0.05240   0.18074   0.22692   0.10577   0.03809   0.21082   0.36354   0.42693   0.23688   0.21503   0.25950   0.48992   2.65705   0.57957   1.32505   1.30076   0.70909   1.78223  
 15 75.2413  11993.286698  x:  1.45883   0.23088   0.23862   0.04313   0.02733   0.01148   0.02807   0.01938   0.07052   0.05652   0.14878   0.20956   0.10671   0.03810   0.23337   0.36630   0.42905   0.24949   0.22998   0.27258   0.46445   2.37556   0.64483   1.26288   1.42568   0.50510   1.36123  
 16 104.7927  11983.345638  x:  1.47764   0.23505   0.23366   0.04288   0.02734   0.01149   0.02774   0.01971   0.07457   0.04777   0.18379   0.23070   0.10398   0.03774   0.21746   0.37416   0.41970   0.22502   0.20174   0.26134   0.44744   2.14713   0.69180   1.20750   1.53367   0.42153   0.96583  
 17 433.3833  11981.418373  x:  1.48694   0.22318   0.23394   0.04284   0.02732   0.01176   0.02795   0.02028   0.07401   0.05120   0.17718   0.22116   0.10446   0.03777   0.21499   0.36664   0.41054   0.24102   0.21624   0.25532   0.45443   2.11551   0.69967   1.19626   1.55515   0.42249   0.86805  
 18 162.8613  11979.171113  x:  1.48608   0.20908   0.22502   0.04304   0.02733   0.01186   0.02806   0.02034   0.07289   0.05758   0.16425   0.21879   0.10521   0.03802   0.23449   0.36731   0.41367   0.22613   0.20631   0.23163   0.49488   2.15987   0.70491   1.18922   1.57162   0.37990   0.71816  
 19 52.4669  11977.612173  x:  1.48022   0.20672   0.22675   0.04273   0.02732   0.01182   0.02789   0.02043   0.07399   0.05375   0.17785   0.22092   0.10411   0.03784   0.21739   0.36939   0.42170   0.23388   0.21501   0.20990   0.51126   2.20495   0.70981   1.18802   1.58033   0.33511   0.61013  
 20 135.5597  11977.174715  x:  1.48786   0.21041   0.23712   0.04328   0.02734   0.01178   0.02785   0.02024   0.07363   0.05078   0.17789   0.21734   0.10397   0.03788   0.21767   0.36011   0.42253   0.23563   0.20679   0.22389   0.49165   2.22780   0.71730   1.19813   1.57857   0.32656   0.57417  
 21 24.7508  11976.940520  x:  1.49274   0.21014   0.22684   0.04275   0.02733   0.01182   0.02790   0.02040   0.07397   0.05441   0.17742   0.22166   0.10425   0.03793   0.21858   0.36425   0.41973   0.23564   0.21041   0.23581   0.47595   2.24094   0.72288   1.20868   1.57660   0.32221   0.55530  
 22 27.4610  11976.845826  x:  1.49309   0.20842   0.23142   0.04305   0.02733   0.01182   0.02779   0.02035   0.07366   0.05244   0.17672   0.21960   0.10363   0.03792   0.21844   0.37205   0.41486   0.23086   0.21429   0.23698   0.47415   2.24334   0.72462   1.22060   1.57597   0.32156   0.55122  
 23  7.0350  11975.903839  x:  1.49378   0.22888   0.22712   0.04256   0.02732   0.01194   0.02719   0.02065   0.07355   0.05376   0.17694   0.22053   0.10071   0.03810   0.21579   0.36489   0.39995   0.23271   0.21144   0.22210   0.49337   2.24946   0.73092   1.37526   1.57692   0.31893   0.53315  
 24 10.8786  11974.743559  x:  1.47878   0.18841   0.23094   0.04327   0.02731   0.01198   0.02649   0.02061   0.07245   0.05302   0.17525   0.22251   0.09736   0.03858   0.21682   0.37752   0.44738   0.24805   0.19917   0.23182   0.48803   2.27312   0.69301   1.46313   1.62592   0.32247   0.53491  
 25 10.5135  11974.022677  x:  1.47448   0.17853   0.23429   0.04339   0.02732   0.01195   0.02610   0.02051   0.07237   0.05384   0.17755   0.22731   0.09577   0.03898   0.21867   0.36278   0.47254   0.23037   0.21809   0.23590   0.48438   2.29355   0.68148   1.49666   1.66085   0.32700   0.54086  
 26 31.9705  11967.429641  x:  1.45928   0.22778   0.23565   0.04339   0.02724   0.01269   0.02111   0.02175   0.06794   0.05644   0.17695   0.23311   0.07138   0.04162   0.21149   0.37715   0.45114   0.23597   0.21491   0.24293   0.49015   2.54781   0.78748   1.57209   1.99513   0.37215   0.65265  
 27 21.3830  11966.607708  x:  1.46191   0.25567   0.23440   0.04319   0.02722   0.01283   0.02041   0.02203   0.06714   0.05719   0.17424   0.23265   0.06789   0.04192   0.20955   0.37880   0.42348   0.23518   0.21581   0.25226   0.48787   2.54855   0.70399   1.52334   1.87354   0.36742   0.64342  
 28  5.8590  11963.687448  x:  1.46225   0.23241   0.23527   0.04366   0.02718   0.01302   0.01850   0.02226   0.06463   0.05880   0.17210   0.23357   0.05897   0.04317   0.21019   0.37988   0.45635   0.23603   0.21578   0.25028   0.49249   2.51808   0.64603   1.35678   1.35450   0.35999   0.61936  
 29 30.1684  11961.751635  x:  1.49842   0.22731   0.23301   0.04573   0.02695   0.01397   0.02064   0.02379   0.05810   0.07185   0.16118   0.22822   0.07089   0.04483   0.21780   0.37861   0.47631   0.23697   0.21963   0.25608   0.50296   2.59416   0.64814   1.31323   1.29509   0.33537   0.57934  
 30  0.0782  11957.394152  x:  1.59512   0.22364   0.24160   0.04554   0.02641   0.01495   0.01839   0.02361   0.06765   0.08379   0.16589   0.24014   0.06036   0.05293   0.23772   0.38926   0.51036   0.24655   0.22680   0.23775   0.54280   2.73884   0.71172   1.34297   1.62303   0.32299   0.50139  
 31  0.1345  11948.833576  x:  1.88102   0.21963   0.26173   0.04673   0.02518   0.01487   0.01911   0.02165   0.07528   0.08014   0.19440   0.27634   0.06321   0.06381   0.23089   0.41364   0.53622   0.26334   0.22867   0.24334   0.55634   2.73600   0.60882   1.32124   1.23892   0.37990   0.61556  
 32  0.2097  11945.848556  x:  2.03336   0.21900   0.27231   0.04772   0.02436   0.01403   0.01900   0.02244   0.06217   0.06929   0.17828   0.28064   0.05994   0.06594   0.23312   0.41675   0.53186   0.26796   0.23197   0.24108   0.58377   2.65521   0.65571   1.40850   1.46284   0.35499   0.56475  
 33  0.2085  11945.120452  x:  2.10134   0.21910   0.27380   0.04594   0.02377   0.01388   0.02050   0.02409   0.06623   0.06267   0.17866   0.27755   0.06354   0.06541   0.23889   0.41992   0.53336   0.26936   0.23211   0.22980   0.60264   2.63745   0.63777   1.33135   1.32033   0.35328   0.53177  
 34  0.1719  11944.822805  x:  2.14946   0.21367   0.27358   0.04415   0.02331   0.01385   0.02051   0.02446   0.06947   0.05886   0.18000   0.27340   0.06277   0.06386   0.24412   0.41748   0.53545   0.26998   0.23175   0.22529   0.60338   2.66046   0.63623   1.33066   1.32523   0.35149   0.55314  
 35  0.0460  11944.496078  x:  2.19759   0.21205   0.27148   0.04387   0.02256   0.01415   0.02042   0.02385   0.06670   0.05770   0.18160   0.27456   0.06451   0.05885   0.23963   0.42070   0.55111   0.26802   0.23136   0.21978   0.61047   2.70272   0.63911   1.32819   1.35904   0.35908   0.56168  
 36  0.0312  11944.229791  x:  2.20430   0.20759   0.27295   0.04441   0.02188   0.01447   0.01998   0.02349   0.06653   0.06059   0.17947   0.27702   0.06405   0.05299   0.24045   0.41869   0.55417   0.26967   0.23218   0.22312   0.60813   2.69249   0.63329   1.34029   1.31714   0.34724   0.53809  
 37  0.0269  11944.164790  x:  2.18892   0.20888   0.27394   0.04509   0.02170   0.01447   0.02040   0.02396   0.06790   0.06307   0.18087   0.27752   0.06591   0.05162   0.24197   0.41911   0.54951   0.27069   0.23248   0.22537   0.60686   2.68220   0.63723   1.34585   1.34416   0.35203   0.54613  
 38  0.0295  11944.154935  x:  2.18553   0.21101   0.27425   0.04537   0.02158   0.01418   0.02027   0.02401   0.06734   0.06326   0.18108   0.27710   0.06562   0.05166   0.24225   0.41958   0.54537   0.27053   0.23221   0.22427   0.60820   2.67540   0.63652   1.33260   1.33200   0.35333   0.54925  
 39  0.0110  11944.145899  x:  2.18825   0.21338   0.27382   0.04541   0.02117   0.01389   0.02025   0.02401   0.06754   0.06351   0.18072   0.27655   0.06559   0.05154   0.24140   0.41938   0.54354   0.26997   0.23214   0.22331   0.60913   2.67943   0.63692   1.33656   1.34218   0.35158   0.54694  
 40  0.0036  11944.131799  x:  2.18626   0.21325   0.27356   0.04547   0.02044   0.01398   0.02037   0.02411   0.06774   0.06378   0.18087   0.27707   0.06554   0.05219   0.24175   0.41884   0.54411   0.27056   0.23246   0.22370   0.60794   2.68299   0.63722   1.34378   1.33625   0.35253   0.54727  
 41  0.0027  11944.126593  x:  2.18139   0.21164   0.27356   0.04527   0.02015   0.01415   0.02032   0.02405   0.06748   0.06318   0.18074   0.27697   0.06553   0.05203   0.24180   0.41906   0.54478   0.27020   0.23210   0.22452   0.60699   2.67774   0.63667   1.33818   1.33712   0.35243   0.54823  
 42  0.0049  11944.126456  x:  2.18052   0.21155   0.27360   0.04523   0.02017   0.01416   0.02030   0.02404   0.06760   0.06314   0.18075   0.27683   0.06550   0.05209   0.24172   0.41907   0.54494   0.27017   0.23213   0.22451   0.60708   2.67775   0.63688   1.33739   1.33730   0.35246   0.54832  
 43  0.0011  11944.126449  x:  2.18043   0.21150   0.27364   0.04524   0.02016   0.01416   0.02029   0.02405   0.06760   0.06312   0.18076   0.27681   0.06551   0.05208   0.24172   0.41905   0.54502   0.27019   0.23214   0.22444   0.60714   2.67785   0.63681   1.33751   1.33719   0.35246   0.54828  
 44  0.0002  11944.126449  x:  2.18041   0.21149   0.27364   0.04524   0.02016   0.01416   0.02029   0.02405   0.06759   0.06311   0.18076   0.27682   0.06551   0.05208   0.24173   0.41906   0.54503   0.27019   0.23213   0.22444   0.60715   2.67783   0.63683   1.33753   1.33723   0.35246   0.54829  
 45  0.0001  11944.126449  x:  2.18042   0.21149   0.27364   0.04524   0.02016   0.01416   0.02029   0.02405   0.06759   0.06311   0.18076   0.27682   0.06551   0.05208   0.24173   0.41906   0.54503   0.27019   0.23213   0.22444   0.60716   2.67783   0.63683   1.33753   1.33723   0.35246   0.54829  
 46  0.0000  11944.126449  x:  2.18041   0.21149   0.27364   0.04524   0.02016   0.01416   0.02029   0.02405   0.06759   0.06311   0.18076   0.27682   0.06551   0.05208   0.24173   0.41906   0.54503   0.27019   0.23213   0.22444   0.60715   2.67783   0.63683   1.33753   1.33723   0.35246   0.54829  
 47  0.0000  11944.126449  x:  2.18041   0.21149   0.27364   0.04524   0.02016   0.01416   0.02029   0.02405   0.06759   0.06311   0.18076   0.27682   0.06551   0.05208   0.24173   0.41906   0.54503   0.27019   0.23213   0.22444   0.60715   2.67783   0.63683   1.33753   1.33723   0.35246   0.54829  
 48  0.0000  11944.126449  x:  2.18041   0.21149   0.27364   0.04524   0.02016   0.01416   0.02029   0.02405   0.06759   0.06311   0.18076   0.27682   0.06551   0.05208   0.24173   0.41906   0.54503   0.27019   0.23213   0.22444   0.60715   2.67783   0.63683   1.33753   1.33723   0.35246   0.54829  
check convergence!


Model 8: beta&w>1

TREE # 1

  0  0.0000  14384.110530  x:  0.02076   0.08346   0.03052   0.09867   0.03460   0.09766   0.02464   0.08429   0.03037   0.06265   0.08551   0.02112   0.03627   0.02389   0.10313   0.09152   0.04408   0.09450   0.05101   0.07558   0.08432   2.67783   0.62806   1.23375   1.25219   0.90000   0.78484   1.98589   2.68089  
  1 99.0000  12504.512158  x:  0.58216   0.14617   0.11145   0.07551   0.00510   0.06168   0.00000   0.05214   0.03079   0.07461   0.09976   0.14685   0.04021   0.03117   0.12346   0.13075   0.18063   0.11583   0.10818   0.14590   0.17323   2.67691   0.62985   1.23446   1.25151   0.94184   0.77676   1.98886   2.68050  
  2 17446.1016  12411.695571  x:  0.67926   0.15702   0.12545   0.07151   0.00000   0.05545   0.00051   0.04658   0.03086   0.07668   0.10223   0.16860   0.04089   0.03243   0.12698   0.13753   0.20425   0.11952   0.11807   0.15806   0.18861   2.67676   0.63016   1.23459   1.25139   0.94908   0.77536   1.98937   2.68044  
  3 8852524.1718  12368.330133  x:  0.71055   0.16388   0.13356   0.06714   0.09292   0.04324   0.00061   0.04128   0.03489   0.07846   0.10641   0.17658   0.04307   0.03390   0.13158   0.14893   0.21526   0.12610   0.12586   0.16715   0.20111   2.67658   0.63048   1.23473   1.25126   0.96118   0.77383   1.98966   2.67978  
  4 6983.4557  12301.097201  x:  0.69370   0.17529   0.14569   0.05056   0.09134   0.01661   0.00061   0.01469   0.04056   0.08308   0.11968   0.17677   0.05035   0.03785   0.14503   0.18236   0.22442   0.14626   0.14146   0.18474   0.22712   2.67584   0.63117   1.23506   1.25111   0.99049   0.77059   1.98957   2.67756  
  5 1381.2103  12276.643908  x:  0.68408   0.18330   0.15391   0.04141   0.09106   0.00641   0.00060   0.00512   0.04472   0.08579   0.12822   0.17767   0.05412   0.03993   0.15405   0.20362   0.23126   0.15920   0.15157   0.19650   0.24455   2.67510   0.63146   1.23520   1.25116   0.97872   0.76814   1.98940   2.67649  
  6 2680.7937  12219.664754  x:  0.64879   0.21545   0.18555   0.01178   0.08893   0.02183   0.00060   0.03272   0.06064   0.09484   0.16000   0.18186   0.06552   0.04518   0.18851   0.28451   0.25911   0.20830   0.18993   0.24214   0.31292   2.67214   0.63260   1.23578   1.25139   0.96812   0.75849   1.98858   2.67186  
  7 3258.7096  12204.300475  x:  0.63394   0.23222   0.19791   0.05300   0.08783   0.03013   0.00059   0.03216   0.06907   0.09423   0.16958   0.18588   0.06149   0.04101   0.20190   0.31393   0.27412   0.22535   0.20260   0.26076   0.34307   2.67007   0.63275   1.23598   1.25191   0.96666   0.75495   1.98693   2.66882  
  8 1133.1858  12198.417866  x:  0.62479   0.24839   0.19885   0.05485   0.08869   0.03545   0.00059   0.02763   0.04375   0.08077   0.16378   0.19273   0.04753   0.03549   0.20561   0.31653   0.28963   0.22390   0.19900   0.26758   0.36044   2.66642   0.63170   1.23580   1.25356   0.96655   0.75621   1.98172   2.66422  
  9 269.8593  12195.363377  x:  0.61704   0.26514   0.19837   0.05802   0.08844   0.03090   0.00059   0.03178   0.03693   0.06502   0.15429   0.19911   0.05388   0.04759   0.20619   0.31329   0.30595   0.21773   0.19122   0.27083   0.37513   2.66160   0.63015   1.23549   1.25583   0.96649   0.75816   1.97466   2.65822  
 10 265.8555  12193.016366  x:  0.60982   0.28306   0.19914   0.05423   0.08805   0.02991   0.00059   0.03178   0.05044   0.05154   0.14438   0.20441   0.05258   0.04237   0.20491   0.30748   0.32351   0.20946   0.18179   0.27124   0.38845   2.65503   0.62803   1.23506   1.25892   0.96690   0.76099   1.96490   2.65004  
 11 253.1265  12192.161382  x:  0.60684   0.29309   0.20459   0.05348   0.08843   0.03510   0.00059   0.02759   0.05046   0.05971   0.14563   0.20387   0.05870   0.04123   0.20163   0.30323   0.33308   0.20590   0.17902   0.26526   0.39197   2.64713   0.62561   1.23471   1.26257   0.96696   0.76310   1.95322   2.64009  
 12 84.2019  12191.334072  x:  0.60433   0.30252   0.20930   0.05418   0.08815   0.02948   0.00059   0.03221   0.04936   0.06927   0.14913   0.20254   0.05756   0.03896   0.19840   0.29905   0.34199   0.20420   0.17874   0.25740   0.39431   2.63658   0.62264   1.23427   1.26738   0.96693   0.76534   1.93760   2.62668  
 13 170.1636  12190.237537  x:  0.60365   0.30979   0.20597   0.05344   0.08823   0.03125   0.00059   0.03085   0.05266   0.07153   0.15504   0.20117   0.04864   0.04839   0.19734   0.29524   0.34877   0.20810   0.18550   0.24623   0.39507   2.61581   0.61799   1.23347   1.27665   0.96699   0.76726   1.90678   2.59974  
 14 115.2716  12187.486180  x:  0.60579   0.31647   0.18771   0.05439   0.08828   0.03153   0.00059   0.03123   0.05147   0.06225   0.16587   0.20127   0.05834   0.04061   0.20135   0.29293   0.35386   0.21984   0.20257   0.22693   0.39589   2.55597   0.60735   1.23140   1.30281   0.96641   0.76715   1.81788   2.52080  
 15 231.9731  12177.560836  x:  0.61617   0.29504   0.18831   0.05545   0.08831   0.03249   0.00059   0.03237   0.05251   0.07084   0.15538   0.20652   0.05633   0.04442   0.22029   0.32070   0.32105   0.20375   0.18141   0.24059   0.40708   2.33131   0.58937   1.22587   1.39655   0.96445   0.72278   1.48351   2.21261  
 16 265.3132  12170.873600  x:  0.61610   0.28571   0.22000   0.05483   0.08819   0.03269   0.00059   0.03231   0.05138   0.05920   0.13458   0.19766   0.05766   0.04350   0.19135   0.29894   0.31613   0.22386   0.20197   0.26412   0.40116   2.18582   0.61419   1.22521   1.45395   0.96355   0.60772   1.26040   1.98116  
 17 289.3725  12163.784469  x:  0.61428   0.28605   0.22352   0.05353   0.08805   0.03255   0.00059   0.03215   0.05233   0.05131   0.16160   0.21317   0.05734   0.04371   0.20021   0.28580   0.32482   0.21813   0.19496   0.26564   0.38504   2.06009   0.65313   1.22564   1.50556   0.96343   0.44571   1.05175   1.74859  
 18 465.4029  12162.036569  x:  0.61975   0.28981   0.20705   0.05373   0.08790   0.03261   0.00059   0.03225   0.05145   0.05630   0.15009   0.19491   0.05667   0.04352   0.19601   0.30206   0.33207   0.21507   0.19159   0.25496   0.38663   2.04769   0.67089   1.22506   1.51678   0.96257   0.39885   0.99065   1.67932  
 19 151.3724  12159.011197  x:  0.61847   0.28094   0.20618   0.05342   0.08774   0.03283   0.00059   0.03283   0.05232   0.06600   0.13468   0.21811   0.05692   0.04378   0.20211   0.30169   0.32874   0.21928   0.19764   0.23149   0.40120   2.11874   0.73527   1.22292   1.52350   0.96047   0.35995   0.84748   1.52328  
 20 69.8290  12157.166617  x:  0.62250   0.27880   0.20850   0.05351   0.08770   0.03330   0.00059   0.03296   0.05209   0.05707   0.15502   0.20442   0.05716   0.04391   0.19587   0.29704   0.32746   0.21433   0.19253   0.23680   0.40832   2.17326   0.76855   1.22307   1.52708   0.95894   0.34479   0.75814   1.42529  
 21 194.9153  12156.287133  x:  0.62329   0.29118   0.20953   0.05345   0.08768   0.03330   0.00059   0.03312   0.05231   0.05886   0.15064   0.19867   0.05745   0.04396   0.21043   0.29200   0.33037   0.21619   0.19571   0.25329   0.38781   2.21400   0.74718   1.22881   1.53366   0.95846   0.33187   0.72137   1.37180  
 22 43.2090  12155.693149  x:  0.62234   0.29496   0.20907   0.05334   0.08760   0.03343   0.00059   0.03320   0.05243   0.05745   0.15275   0.20859   0.05726   0.04400   0.19675   0.29913   0.32969   0.21564   0.19637   0.25892   0.37888   2.24333   0.71931   1.23691   1.53910   0.95800   0.32003   0.70285   1.33418  
 23 58.1320  12155.282197  x:  0.62381   0.28520   0.21394   0.05316   0.08754   0.03345   0.00059   0.03312   0.05223   0.05511   0.15314   0.20515   0.05724   0.04385   0.19904   0.29375   0.32793   0.21581   0.19582   0.25192   0.39220   2.26031   0.69420   1.25192   1.54048   0.95772   0.30993   0.70195   1.30592  
 24 25.8951  12153.962583  x:  0.62458   0.25730   0.21555   0.05321   0.08731   0.03376   0.00059   0.03339   0.05211   0.05374   0.15139   0.20489   0.05724   0.04394   0.20030   0.29977   0.35945   0.22431   0.18657   0.25189   0.38393   2.27706   0.67856   1.34953   1.51329   0.95595   0.32764   0.74291   1.20720  
 25 16.5429  12152.835101  x:  0.62851   0.27190   0.20292   0.05288   0.08704   0.03378   0.00059   0.03360   0.05290   0.06191   0.15106   0.20683   0.05731   0.04391   0.19812   0.29496   0.34435   0.20962   0.20133   0.26025   0.39231   2.28568   0.67527   1.42910   1.48965   0.95456   0.34057   0.78428   1.13065  
 26 51.6923  12152.277494  x:  0.63354   0.29006   0.21290   0.05291   0.08697   0.03399   0.00059   0.03364   0.05237   0.05416   0.15033   0.20496   0.05728   0.04390   0.19994   0.30121   0.32682   0.21330   0.19697   0.24981   0.38886   2.28935   0.67619   1.45884   1.48175   0.95391   0.34638   0.80285   1.10190  
 27 40.7100  12151.371640  x:  0.63924   0.29844   0.20272   0.05273   0.08682   0.03384   0.00059   0.03365   0.05305   0.06149   0.15159   0.20720   0.05722   0.04398   0.19705   0.29419   0.31886   0.23721   0.17786   0.25480   0.39565   2.29618   0.67913   1.46051   1.49101   0.95389   0.35055   0.81759   1.09794  
 28  7.6583  12090.553982  x:  0.89757   0.27027   0.24388   0.04924   0.07526   0.02872   0.00059   0.03082   0.05878   0.06313   0.17073   0.21989   0.06042   0.04655   0.23218   0.39488   0.38763   0.23112   0.21264   0.29088   0.46893   2.82034   0.94091   1.03043   2.41473   0.96149   0.65860   1.67175   1.35530  
 29 23.3101  12056.431322  x:  1.13334   0.30357   0.28252   0.04356   0.06565   0.02167   0.00059   0.02472   0.06802   0.06540   0.18932   0.25494   0.06355   0.04879   0.26140   0.46563   0.41335   0.26097   0.23352   0.30051   0.56171   3.36925   1.02467   2.42399   2.74832   0.98795   0.54792   0.95498   3.01500  
 30 36.3525  12040.283192  x:  1.18349   0.30561   0.28076   0.04215   0.06319   0.02054   0.00059   0.02352   0.06932   0.06881   0.18986   0.26451   0.06362   0.04951   0.26426   0.47170   0.43064   0.27649   0.23117   0.29546   0.57977   3.27543   0.72756   2.14755   1.47340   0.99073   0.46593   0.62205   3.24543  
 31 13.3604  12008.779435  x:  1.35699   0.28890   0.27024   0.03854   0.05170   0.02219   0.00059   0.02089   0.06617   0.05676   0.18054   0.27294   0.06325   0.05084   0.25293   0.46745   0.48020   0.27493   0.22485   0.28535   0.56928   2.76157   0.42748   1.64209   0.98294   0.98089   0.43209   0.80326   2.56579  
 32  0.8209  11993.246120  x:  1.50125   0.26914   0.26895   0.03740   0.04181   0.02140   0.00059   0.02118   0.06360   0.04593   0.17534   0.27479   0.06385   0.05144   0.24283   0.46094   0.50697   0.26554   0.22439   0.27725   0.56134   2.54955   0.64992   1.69572   1.93828   0.97419   0.36900   0.76444   2.01267  
 33  1.9975  11976.169455  x:  1.79345   0.23571   0.28496   0.04229   0.02162   0.01198   0.00060   0.02779   0.06448   0.05704   0.17768   0.27732   0.06829   0.05311   0.23808   0.44657   0.54103   0.27864   0.24001   0.25556   0.60225   2.58030   0.71936   1.26877   1.61325   0.96754   0.45128   0.84223   1.84890  
 34  0.3256  11972.665928  x:  1.87630   0.22617   0.28518   0.04252   0.01813   0.02128   0.00060   0.02156   0.06514   0.05836   0.17946   0.27585   0.06799   0.05262   0.23928   0.43892   0.54475   0.27759   0.23910   0.24607   0.60917   2.63105   0.70158   1.25172   1.39840   0.96528   0.42075   0.72715   1.86563  
 35  0.3593  11970.455585  x:  1.92623   0.22207   0.27792   0.04360   0.01941   0.01846   0.00061   0.02475   0.06467   0.05987   0.18069   0.27204   0.06571   0.05072   0.24191   0.42708   0.53802   0.27078   0.23223   0.23466   0.60336   2.69659   0.64290   1.33313   1.22481   0.96383   0.36748   0.59734   1.93601  
 36  0.2335  11968.737092  x:  1.99740   0.22232   0.26845   0.04434   0.02105   0.01772   0.00062   0.02623   0.06408   0.06183   0.17904   0.27017   0.06357   0.04931   0.24289   0.41315   0.53322   0.26426   0.22607   0.22415   0.59511   2.74223   0.60406   1.35462   1.32524   0.96066   0.38162   0.70492   1.88252  
 37  0.1376  11967.714753  x:  2.13301   0.21719   0.26936   0.04557   0.01954   0.01867   0.00064   0.02593   0.06445   0.06334   0.17875   0.27330   0.06465   0.05029   0.23985   0.40462   0.53737   0.26683   0.22720   0.22229   0.59889   2.75825   0.61962   1.28911   1.22643   0.95730   0.40600   0.76782   1.88345  
 38  0.1010  11967.095833  x:  2.22196   0.21915   0.27072   0.04607   0.02095   0.01965   0.00065   0.02553   0.06483   0.06472   0.17629   0.27683   0.06555   0.05103   0.23890   0.40806   0.53672   0.26848   0.23029   0.22391   0.60478   2.77126   0.61769   1.35338   1.33820   0.95565   0.41060   0.74378   1.90983  
 39  0.1276  11966.546126  x:  2.29342   0.22262   0.27408   0.04564   0.02425   0.01958   0.00067   0.02568   0.06471   0.06273   0.17965   0.27980   0.06591   0.05106   0.23993   0.41692   0.54287   0.27082   0.23073   0.23193   0.60325   2.74303   0.63332   1.37808   1.32949   0.95365   0.39146   0.72010   1.89967  
 40  0.0535  11966.338097  x:  2.33795   0.22317   0.27846   0.04507   0.02477   0.01862   0.00069   0.02589   0.06539   0.06421   0.18108   0.27950   0.06592   0.05080   0.24483   0.42752   0.55291   0.27467   0.23454   0.23106   0.61562   2.77807   0.62207   1.34321   1.29712   0.95262   0.39775   0.71780   1.93647  
 41  0.0307  11966.174341  x:  2.34042   0.21635   0.27875   0.04462   0.02476   0.01898   0.00070   0.02524   0.06570   0.06282   0.18149   0.27821   0.06601   0.05130   0.24494   0.42848   0.56221   0.27432   0.23410   0.22477   0.62475   2.77148   0.61106   1.28921   1.27013   0.95031   0.38661   0.71236   1.89543  
 42  0.0211  11965.743924  x:  2.31638   0.20077   0.27919   0.04502   0.02602   0.01994   0.00075   0.02386   0.06635   0.06149   0.18223   0.27928   0.06693   0.05251   0.24347   0.42622   0.57779   0.27354   0.23355   0.21038   0.64914   2.80531   0.62340   1.32005   1.30211   0.94539   0.39845   0.74552   1.97090  
 43  0.0218  11964.907800  x:  2.35706   0.17995   0.27995   0.04721   0.02393   0.01743   0.00085   0.02663   0.06590   0.06472   0.18269   0.28726   0.06815   0.05214   0.24401   0.42430   0.61170   0.27609   0.23643   0.19293   0.67902   2.75363   0.63473   1.34083   1.32754   0.92927   0.40689   0.77341   1.75416  
 44  0.0675  11963.534271  x:  2.34400   0.17632   0.27530   0.04572   0.02375   0.01774   0.00109   0.02480   0.06556   0.06306   0.18297   0.28230   0.06296   0.04729   0.24977   0.42472   0.63187   0.27853   0.23079   0.18854   0.66618   2.78691   0.60704   1.40222   1.21343   0.89888   0.42835   0.92287   1.55178  
 45  0.0448  11961.940765  x:  2.30653   0.18059   0.27754   0.04469   0.02139   0.01720   0.00133   0.02360   0.06702   0.06117   0.18022   0.27714   0.06499   0.05142   0.24438   0.42774   0.61161   0.27835   0.23203   0.21503   0.62893   2.77007   0.62448   1.41252   1.35441   0.87083   0.46370   1.09106   1.28779  
 46  0.1365  11961.250005  x:  2.28254   0.18955   0.27939   0.04383   0.02143   0.01631   0.00141   0.02277   0.06759   0.06043   0.17976   0.27456   0.06620   0.05331   0.24198   0.43047   0.59123   0.27768   0.23276   0.23197   0.60930   2.78038   0.62910   1.41241   1.39361   0.86448   0.46900   1.12831   1.38621  
 47  0.2274  11960.228702  x:  2.26890   0.19748   0.27950   0.04383   0.02112   0.01345   0.00177   0.02363   0.06760   0.06362   0.18137   0.27607   0.06727   0.05328   0.24246   0.42894   0.57140   0.27484   0.23430   0.25251   0.58575   2.76505   0.62259   1.34310   1.29982   0.82299   0.48400   1.29733   1.18183  
 48  0.1506  11959.364082  x:  2.24656   0.20661   0.27600   0.04551   0.02310   0.01597   0.00210   0.02288   0.06652   0.06689   0.18351   0.28392   0.06729   0.05127   0.24482   0.42060   0.56208   0.27129   0.23479   0.24670   0.59963   2.74619   0.61695   1.30094   1.20266   0.78788   0.47163   1.38965   1.14690  
 49  0.0714  11959.002594  x:  2.21913   0.20910   0.27451   0.04598   0.02231   0.01577   0.00236   0.02318   0.06666   0.06607   0.18268   0.28387   0.06675   0.05128   0.24402   0.41774   0.55707   0.27062   0.23413   0.24055   0.60318   2.73991   0.62131   1.31842   1.24359   0.75998   0.47512   1.49649   1.04221  
 50  0.1653  11958.686780  x:  2.21071   0.21339   0.27509   0.04623   0.02099   0.01486   0.00250   0.02433   0.06716   0.06407   0.18154   0.28215   0.06599   0.05180   0.24366   0.41945   0.55479   0.27248   0.23400   0.22870   0.61404   2.74346   0.62939   1.35799   1.32382   0.74602   0.46857   1.54144   1.04847  
 51  0.1247  11958.493332  x:  2.21665   0.21947   0.27648   0.04580   0.02103   0.01536   0.00268   0.02469   0.06785   0.06318   0.18140   0.27892   0.06570   0.05252   0.24415   0.42308   0.54591   0.27410   0.23379   0.22381   0.61539   2.73802   0.63475   1.36495   1.31480   0.72789   0.45898   1.61035   1.00000  
 52  0.0559  11958.333847  x:  2.22961   0.22351   0.27761   0.04447   0.02107   0.01599   0.00277   0.02465   0.06829   0.06369   0.18105   0.27494   0.06590   0.05286   0.24421   0.42577   0.53629   0.27440   0.23332   0.22183   0.61401   2.73712   0.63517   1.35076   1.27697   0.72258   0.45814   1.68040   1.01404  
 53  0.0406  11958.190094  x:  2.22461   0.22342   0.27709   0.04401   0.02084   0.01585   0.00286   0.02466   0.06829   0.06413   0.18085   0.27450   0.06599   0.05270   0.24386   0.42475   0.53408   0.27363   0.23297   0.22009   0.61513   2.73529   0.63470   1.34797   1.27323   0.71508   0.46577   1.75436   1.00000  
 54  0.0995  11957.789704  x:  2.20544   0.21828   0.27442   0.04197   0.02045   0.01523   0.00320   0.02464   0.06807   0.06579   0.18080   0.27527   0.06662   0.05186   0.24240   0.41990   0.53402   0.27020   0.23194   0.21258   0.62374   2.72228   0.63267   1.35220   1.28802   0.69223   0.50751   2.12893   1.00000  
 55  0.3642  11957.356827  x:  2.21932   0.20655   0.27316   0.04118   0.02075   0.01481   0.00309   0.02429   0.06753   0.06711   0.18133   0.27857   0.06729   0.05107   0.24198   0.41730   0.55074   0.26894   0.23227   0.21409   0.62795   2.73241   0.62592   1.35618   1.29451   0.71366   0.54703   2.26832   1.00000  
 56  0.2594  11957.026344  x:  2.24502   0.21880   0.27461   0.04360   0.02072   0.01538   0.00340   0.02435   0.06774   0.06289   0.17941   0.27558   0.06563   0.05274   0.24105   0.42142   0.53958   0.27392   0.23301   0.22379   0.60854   2.73742   0.63057   1.35133   1.30788   0.70015   0.59603   2.68146   1.00000  
 57  0.1335  11956.900938  x:  2.22448   0.21353   0.27464   0.04566   0.02036   0.01480   0.00353   0.02484   0.06731   0.06374   0.18050   0.27830   0.06529   0.05187   0.24293   0.42006   0.55035   0.27255   0.23281   0.21793   0.62036   2.73799   0.62749   1.34356   1.28796   0.69694   0.61007   2.84421   1.00000  
 58  0.0808  11956.795392  x:  2.22556   0.21457   0.27533   0.04633   0.02100   0.01549   0.00374   0.02361   0.06706   0.06397   0.17949   0.27744   0.06568   0.05160   0.24161   0.42060   0.54547   0.27028   0.23178   0.22692   0.61033   2.74366   0.62777   1.35271   1.30448   0.69011   0.62274   3.04348   1.00000  
 59  0.0501  11956.585309  x:  2.26647   0.20374   0.27546   0.04540   0.02044   0.01344   0.00395   0.02355   0.06697   0.06476   0.17901   0.27731   0.06629   0.05130   0.24103   0.42080   0.56071   0.27226   0.23229   0.22501   0.61367   2.75887   0.62666   1.36361   1.29146   0.68745   0.61252   3.10215   1.00000  
 60  0.0152  11955.739395  x:  2.23293   0.17421   0.26597   0.04159   0.02085   0.01622   0.00438   0.02144   0.06640   0.06404   0.17760   0.27599   0.06588   0.05296   0.23955   0.40737   0.58766   0.27679   0.23169   0.21407   0.60659   2.76790   0.63739   1.38830   1.32519   0.69916   0.56097   2.81948   1.00000  
 61  0.0371  11953.223717  x:  2.22811   0.15657   0.26356   0.04075   0.02217   0.01619   0.00514   0.02533   0.06652   0.06244   0.18187   0.28174   0.06393   0.05576   0.24575   0.40996   0.61314   0.28297   0.23719   0.23185   0.58219   2.74017   0.64350   1.33616   1.33216   0.71633   0.50839   1.95322   1.00000  
 62  0.2297  11950.572169  x:  2.25948   0.13214   0.27446   0.04805   0.02152   0.01354   0.00758   0.02792   0.06613   0.06241   0.18242   0.28400   0.06346   0.05389   0.24747   0.42531   0.65084   0.27520   0.23625   0.27661   0.54929   2.72843   0.62696   1.30354   1.30115   0.72994   0.56155   2.33903   1.00000  
 63  0.1962  11950.545437  x:  2.25978   0.13182   0.27459   0.04812   0.02151   0.01352   0.00762   0.02796   0.06613   0.06241   0.18241   0.28401   0.06346   0.05386   0.24747   0.42549   0.65132   0.27508   0.23622   0.27707   0.54898   2.72818   0.62674   1.30327   1.30082   0.73030   0.56154   2.33773   1.01581  
 64  2.2445  11948.229692  x:  2.25931   0.12076   0.27777   0.04733   0.02007   0.01450   0.00885   0.02884   0.06721   0.06241   0.18135   0.28075   0.06417   0.05236   0.24520   0.42824   0.66737   0.27023   0.23330   0.27794   0.55293   2.70850   0.61867   1.31414   1.29855   0.77113   0.46971   1.42481   1.07604  
 65  1.3394  11944.263714  x:  2.31050   0.13816   0.28240   0.04526   0.01624   0.01833   0.01269   0.02606   0.07013   0.06203   0.17302   0.26539   0.06730   0.04621   0.23181   0.42491   0.66039   0.25937   0.22131   0.23912   0.60844   2.73273   0.59551   1.39037   1.28365   0.85784   0.43836   1.01916   1.19749  
 66  0.1967  11943.722802  x:  2.31223   0.14528   0.28227   0.04512   0.01639   0.01848   0.01314   0.02553   0.07027   0.06211   0.17273   0.26482   0.06754   0.04617   0.23135   0.42413   0.65194   0.25970   0.22112   0.23415   0.61445   2.73848   0.59667   1.39305   1.28318   0.85856   0.45474   1.17323   1.20231  
 67  0.8650  11940.567979  x:  2.28922   0.19112   0.28066   0.04403   0.02073   0.01709   0.01605   0.02450   0.07037   0.06319   0.17807   0.27183   0.06823   0.05091   0.23873   0.42407   0.59100   0.27148   0.23002   0.23213   0.61680   2.75568   0.62489   1.34512   1.29254   0.92387   0.45441   0.92155   1.36487  
 68  0.2846  11939.394222  x:  2.26199   0.21281   0.27780   0.04402   0.02188   0.01464   0.01671   0.02447   0.06926   0.06423   0.18167   0.27798   0.06742   0.05326   0.24509   0.42334   0.55750   0.27777   0.23549   0.22823   0.61576   2.76525   0.63595   1.33031   1.28255   0.91194   0.40803   0.82323   1.39159  
 69  0.1762  11938.779256  x:  2.22968   0.23301   0.27501   0.04576   0.02017   0.01274   0.01838   0.02425   0.06689   0.06332   0.18174   0.28283   0.06530   0.05220   0.24566   0.42148   0.53272   0.27522   0.23560   0.22473   0.61659   2.74918   0.62683   1.32576   1.30188   0.92662   0.41790   0.85466   1.48765  
 70  0.0819  11938.433728  x:  2.24110   0.23573   0.27545   0.04663   0.01957   0.01338   0.01958   0.02358   0.06587   0.06312   0.18091   0.28322   0.06492   0.05112   0.24397   0.42339   0.53355   0.27255   0.23444   0.22189   0.62249   2.74276   0.62070   1.33073   1.30406   0.93501   0.40941   0.77307   1.56702  
 71  0.1051  11938.162825  x:  2.26182   0.23103   0.27659   0.04729   0.01957   0.01437   0.02023   0.02314   0.06536   0.06306   0.18029   0.28270   0.06502   0.05058   0.24231   0.42626   0.54357   0.27087   0.23361   0.22275   0.62505   2.74013   0.61730   1.33434   1.30299   0.92503   0.41757   0.82725   1.61851  
 72  0.1259  11937.978124  x:  2.27590   0.22663   0.27748   0.04610   0.02050   0.01407   0.02178   0.02325   0.06623   0.06370   0.18090   0.27979   0.06655   0.05186   0.24231   0.42725   0.54708   0.27410   0.23448   0.22548   0.62255   2.75492   0.62370   1.32208   1.28918   0.93460   0.41516   0.79444   1.72474  
 73  0.0632  11937.938453  x:  2.25976   0.22112   0.27700   0.04585   0.02017   0.01386   0.02198   0.02396   0.06669   0.06359   0.18102   0.27982   0.06624   0.05144   0.24367   0.42501   0.55385   0.27425   0.23396   0.22689   0.61959   2.75738   0.62208   1.33241   1.29257   0.93554   0.40882   0.77403   1.75252  
 74  0.0233  11937.916900  x:  2.25769   0.21977   0.27764   0.04555   0.02002   0.01424   0.02187   0.02407   0.06707   0.06341   0.18088   0.28035   0.06614   0.05109   0.24409   0.42488   0.55643   0.27400   0.23392   0.22905   0.61876   2.75595   0.62054   1.33282   1.29481   0.93932   0.40752   0.76893   1.77421  
 75  0.0114  11937.881343  x:  2.26694   0.22112   0.27923   0.04536   0.02013   0.01445   0.02087   0.02419   0.06740   0.06329   0.18111   0.28212   0.06629   0.05147   0.24425   0.42722   0.55648   0.27452   0.23523   0.23373   0.61761   2.75459   0.62123   1.32713   1.29188   0.93843   0.40508   0.76189   1.79943  
 76  0.0091  11937.859029  x:  2.26676   0.22334   0.27820   0.04559   0.02008   0.01414   0.02037   0.02415   0.06698   0.06347   0.18111   0.28177   0.06626   0.05157   0.24385   0.42667   0.55450   0.27473   0.23495   0.23049   0.61969   2.76028   0.62032   1.33227   1.28959   0.94207   0.40347   0.74666   1.83555  
 77  0.0207  11937.855384  x:  2.26451   0.22281   0.27776   0.04576   0.02009   0.01411   0.02025   0.02402   0.06678   0.06350   0.18103   0.28108   0.06625   0.05144   0.24370   0.42621   0.55452   0.27443   0.23448   0.22915   0.62007   2.76068   0.62027   1.33278   1.29020   0.94160   0.40426   0.75289   1.83853  
 78  0.0073  11937.854750  x:  2.26380   0.22193   0.27781   0.04583   0.02013   0.01412   0.02025   0.02394   0.06676   0.06350   0.18102   0.28068   0.06628   0.05136   0.24378   0.42618   0.55498   0.27431   0.23431   0.22921   0.61978   2.75962   0.62082   1.33174   1.29082   0.94202   0.40336   0.74967   1.84157  
 79  0.0038  11937.854703  x:  2.26399   0.22177   0.27788   0.04588   0.02014   0.01411   0.02025   0.02394   0.06676   0.06349   0.18104   0.28071   0.06626   0.05136   0.24384   0.42624   0.55511   0.27434   0.23435   0.22935   0.61962   2.75905   0.62092   1.33164   1.29094   0.94200   0.40355   0.75022   1.84133  
 80  0.0008  11937.854700  x:  2.26406   0.22174   0.27788   0.04588   0.02014   0.01411   0.02025   0.02393   0.06677   0.06349   0.18103   0.28071   0.06626   0.05137   0.24384   0.42623   0.55513   0.27435   0.23437   0.22930   0.61965   2.75908   0.62086   1.33175   1.29088   0.94199   0.40352   0.75015   1.84110  
 81  0.0002  11937.854700  x:  2.26403   0.22174   0.27789   0.04588   0.02014   0.01411   0.02025   0.02393   0.06677   0.06349   0.18103   0.28071   0.06626   0.05137   0.24384   0.42623   0.55514   0.27435   0.23437   0.22930   0.61965   2.75909   0.62085   1.33175   1.29085   0.94199   0.40352   0.75015   1.84114  
 82  0.0000  11937.854700  x:  2.26403   0.22174   0.27789   0.04588   0.02014   0.01411   0.02025   0.02393   0.06677   0.06349   0.18103   0.28072   0.06626   0.05137   0.24384   0.42623   0.55514   0.27435   0.23437   0.22930   0.61965   2.75909   0.62085   1.33175   1.29085   0.94199   0.40352   0.75015   1.84114  
 83  0.0000  11937.854700  x:  2.26403   0.22174   0.27789   0.04588   0.02014   0.01411   0.02025   0.02393   0.06677   0.06349   0.18103   0.28072   0.06626   0.05137   0.24384   0.42623   0.55514   0.27435   0.23437   0.22930   0.61965   2.75909   0.62085   1.33175   1.29085   0.94199   0.40352   0.75015   1.84114  
 84  0.0000  11937.854700  x:  2.26403   0.22174   0.27789   0.04588   0.02014   0.01411   0.02025   0.02393   0.06677   0.06349   0.18103   0.28072   0.06626   0.05137   0.24384   0.42623   0.55514   0.27435   0.23437   0.22930   0.61965   2.75909   0.62085   1.33175   1.29085   0.94199   0.40352   0.75015   1.84114  