Supplemental results for CODEML (seqf: ../../myxovirus.aln  treef: ../../myxovirus.tree)

I	J	ij	2Ns_IJ	pMut_IJ	pSub_IJ	2Ns_JI	pMut_JI	pSub_JI

TTC	TTT	CT	0.59249	0.03087	0.04091	-0.59249	0.05582	0.04091	0.04091	0.04091
TTA	TTT	AT	2.17937	0.00320	0.00786	-2.17937	0.02827	0.00786	0.00264	0.00264
TTA	TTC	AC	1.58688	0.00635	0.01267	-1.58688	0.03104	0.01267	0.00425	0.00425
TTG	TTT	GT	0.78480	0.00778	0.01123	-0.78480	0.01705	0.01123	0.00377	0.00377
TTG	TTC	GC	0.19231	0.01544	0.01698	-0.19231	0.01872	0.01698	0.00570	0.00570
TTG	TTA	GA	-1.39457	0.04680	0.02152	1.39457	0.01160	0.02152	0.02152	0.02152
TCT	TTT	CT	1.41721	0.01353	0.02531	-1.41721	0.05582	0.02531	0.00850	0.00850
TCC	TTC	CT	1.08439	0.02072	0.03394	-1.08439	0.06128	0.03394	0.01139	0.01139
TCC	TCT	CT	0.25966	0.02072	0.02352	-0.25966	0.02686	0.02352	0.02352	0.02352
TCA	TTA	CT	0.30768	0.01142	0.01326	-0.30768	0.01553	0.01326	0.00445	0.00445
TCA	TCT	AT	1.06984	0.00467	0.00760	-1.06984	0.01361	0.00760	0.00760	0.00760
TCA	TCC	AC	0.81018	0.00927	0.01352	-0.81018	0.02083	0.01352	0.01352	0.01352
TCG	TTG	CT	1.78436	0.00634	0.01360	-1.78436	0.03777	0.01360	0.00457	0.00457
TCG	TCT	GT	1.15194	0.00259	0.00437	-1.15194	0.00821	0.00437	0.00437	0.00437
TCG	TCC	GC	0.89228	0.00515	0.00778	-0.89228	0.01256	0.00778	0.00778	0.00778
TCG	TCA	GA	0.08210	0.01560	0.01625	-0.08210	0.01693	0.01625	0.01625	0.01625
TAT	TTT	AT	1.55618	0.00596	0.01176	-1.55618	0.02827	0.01176	0.00395	0.00395
TAT	TCT	AC	0.13897	0.01184	0.01268	-0.13897	0.01361	0.01268	0.00426	0.00426
TAC	TTC	AT	1.12996	0.01003	0.01674	-1.12996	0.03104	0.01674	0.00562	0.00562
TAC	TCC	AC	0.04557	0.01990	0.02036	-0.04557	0.02083	0.02036	0.00683	0.00683
TAC	TAT	CT	0.16626	0.02452	0.02662	-0.16626	0.02896	0.02662	0.02662	0.02662
TGT	TTT	GT	1.72926	0.00303	0.00636	-1.72926	0.01705	0.00636	0.00213	0.00213
TGT	TCT	GC	0.31205	0.00601	0.00699	-0.31205	0.00821	0.00699	0.00235	0.00235
TGT	TAT	GA	0.17308	0.01820	0.01982	-0.17308	0.02164	0.01982	0.00665	0.00665
TGC	TTC	GT	1.11519	0.00614	0.01018	-1.11519	0.01872	0.01018	0.00342	0.00342
TGC	TCC	GC	0.03080	0.01218	0.01237	-0.03080	0.01256	0.01237	0.00415	0.00415
TGC	TAC	GA	-0.01477	0.03692	0.03665	0.01477	0.03638	0.03665	0.01230	0.01230
TGC	TGT	CT	-0.02158	0.01501	0.01485	0.02158	0.01469	0.01485	0.01485	0.01485
TGG	TTG	GT	1.13287	0.00372	0.00621	-1.13287	0.01154	0.00621	0.00208	0.00208
TGG	TCG	GC	-0.65149	0.00738	0.00523	0.65149	0.00385	0.00523	0.00176	0.00176
TGG	TGT	GT	0.18841	0.00372	0.00408	-0.18841	0.00449	0.00408	0.00137	0.00137
TGG	TGC	GC	0.20999	0.00738	0.00818	-0.20999	0.00910	0.00818	0.00275	0.00275
CTT	TTT	CT	1.01175	0.02030	0.03226	-1.01175	0.05582	0.03226	0.01083	0.01083
CTC	TTC	CT	0.85717	0.02600	0.03872	-0.85717	0.06128	0.03872	0.01300	0.01300
CTC	CTT	CT	0.43791	0.02600	0.03211	-0.43791	0.04029	0.03211	0.03211	0.03211
CTA	TTA	CT	0.40485	0.01036	0.01260	-0.40485	0.01553	0.01260	0.01260	0.01260
CTA	CTT	AT	1.57247	0.00424	0.00840	-1.57247	0.02041	0.00840	0.00840	0.00840
CTA	CTC	AC	1.13456	0.00841	0.01406	-1.13456	0.02615	0.01406	0.01406	0.01406
CTG	TTG	CT	-0.84031	0.08752	0.05584	0.84031	0.03777	0.05584	0.05584	0.05584
CTG	CTT	GT	-1.06726	0.03578	0.02002	1.06726	0.01231	0.02002	0.02002	0.02002
CTG	CTC	GC	-1.50517	0.07104	0.03051	1.50517	0.01577	0.03051	0.03051	0.03051
CTG	CTA	GA	-2.63973	0.21526	0.04368	2.63973	0.01537	0.04368	0.04368	0.04368
CCT	TCT	CT	0.34482	0.01903	0.02250	-0.34482	0.02686	0.02250	0.00755	0.00755
CCT	CTT	CT	0.75029	0.01903	0.02705	-0.75029	0.04029	0.02705	0.00908	0.00908
CCC	TCC	CT	0.90127	0.01670	0.02534	-0.90127	0.04113	0.02534	0.00851	0.00851
CCC	CTC	CT	1.12849	0.01670	0.02786	-1.12849	0.05162	0.02786	0.00935	0.00935
CCC	CCT	CT	0.81611	0.01670	0.02443	-0.81611	0.03777	0.02443	0.02443	0.02443
CCA	TCA	CT	0.41205	0.01501	0.01831	-0.41205	0.02266	0.01831	0.00615	0.00615
CCA	CTA	CT	0.31489	0.01501	0.01750	-0.31489	0.02057	0.01750	0.00587	0.00587
CCA	CCT	AT	1.13707	0.00614	0.01027	-1.13707	0.01913	0.01027	0.01027	0.01027
CCA	CCC	AC	0.32096	0.01218	0.01424	-0.32096	0.01679	0.01424	0.01424	0.01424
CCG	TCG	CT	0.99590	0.00465	0.00735	-0.99590	0.01259	0.00735	0.00247	0.00247
CCG	CTG	CT	3.62057	0.00465	0.01730	-3.62057	0.17376	0.01730	0.00581	0.00581
CCG	CCT	GT	1.80303	0.00190	0.00411	-1.80303	0.01154	0.00411	0.00411	0.00411
CCG	CCC	GC	0.98692	0.00378	0.00594	-0.98692	0.01013	0.00594	0.00594	0.00594
CCG	CCA	GA	0.66595	0.01144	0.01567	-0.66595	0.02226	0.01567	0.01567	0.01567
CAT	TAT	CT	0.91252	0.01163	0.01773	-0.91252	0.02896	0.01773	0.00595	0.00595
CAT	CTT	AT	1.45696	0.00475	0.00903	-1.45696	0.02041	0.00903	0.00303	0.00303
CAT	CCT	AC	0.70667	0.00944	0.01316	-0.70667	0.01913	0.01316	0.00442	0.00442
CAC	TAC	CT	0.64355	0.02558	0.03469	-0.64355	0.04869	0.03469	0.01164	0.01164
CAC	CTC	AT	0.91634	0.01046	0.01597	-0.91634	0.02615	0.01597	0.00536	0.00536
CAC	CCC	AC	-0.21215	0.02076	0.01864	0.21215	0.01679	0.01864	0.00626	0.00626
CAC	CAT	CT	-0.10271	0.02558	0.02429	0.10271	0.02308	0.02429	0.02429	0.02429
CAA	CTA	AT	-0.03655	0.01080	0.01061	0.03655	0.01042	0.01061	0.00356	0.00356
CAA	CCA	AC	-0.35144	0.02145	0.01790	0.35144	0.01509	0.01790	0.00601	0.00601
CAA	CAT	AT	0.07896	0.01080	0.01124	-0.07896	0.01169	0.01124	0.00377	0.00377
CAA	CAC	AC	0.18167	0.02145	0.02346	-0.18167	0.02572	0.02346	0.00787	0.00787
CAG	CTG	AT	1.03970	0.03112	0.05005	-1.03970	0.08801	0.05005	0.01680	0.01680
CAG	CCG	AC	-2.58087	0.06177	0.01306	2.58087	0.00468	0.01306	0.00438	0.00438
CAG	CAT	GT	-1.48451	0.03112	0.01353	1.48451	0.00705	0.01353	0.00454	0.00454
CAG	CAC	GC	-1.38180	0.06177	0.02862	1.38180	0.01551	0.02862	0.00961	0.00961
CAG	CAA	GA	-1.56347	0.18719	0.07752	1.56347	0.03920	0.07752	0.07752	0.07752
CGT	TGT	CT	1.15005	0.00465	0.00783	-1.15005	0.01469	0.00783	0.00263	0.00263
CGT	CTT	GT	1.86756	0.00190	0.00420	-1.86756	0.01231	0.00420	0.00141	0.00141
CGT	CCT	GC	1.11728	0.00378	0.00627	-1.11728	0.01154	0.00627	0.00210	0.00210
CGT	CAT	GA	0.41061	0.01144	0.01395	-0.41061	0.01725	0.01395	0.00468	0.00468
CGC	TGC	CT	1.07723	0.01015	0.01658	-1.07723	0.02980	0.01658	0.00556	0.00556
CGC	CTC	GT	1.33524	0.00415	0.00752	-1.33524	0.01577	0.00752	0.00252	0.00252
CGC	CCC	GC	0.20676	0.00824	0.00912	-0.20676	0.01013	0.00912	0.00306	0.00306
CGC	CAC	GA	0.41891	0.02496	0.03055	-0.41891	0.03794	0.03055	0.01025	0.01025
CGC	CGT	CT	-0.09441	0.01015	0.00968	0.09441	0.00923	0.00968	0.00968	0.00968
CGA	CTA	GT	0.78957	0.00285	0.00413	-0.78957	0.00628	0.00413	0.00138	0.00138
CGA	CCA	GC	0.47468	0.00566	0.00711	-0.47468	0.00910	0.00711	0.00239	0.00239
CGA	CAA	GA	0.82612	0.01716	0.02521	-0.82612	0.03920	0.02521	0.00846	0.00846
CGA	CGT	AT	0.49448	0.00285	0.00362	-0.49448	0.00468	0.00362	0.00362	0.00362
CGA	CGC	AC	0.58889	0.00566	0.00749	-0.58889	0.01020	0.00749	0.00749	0.00749
CGG	TGG	CT	-0.23518	0.02283	0.02025	0.23518	0.01805	0.02025	0.00680	0.00680
CGG	CTG	GT	1.73799	0.00933	0.01969	-1.73799	0.05308	0.01969	0.00661	0.00661
CGG	CCG	GC	-1.88258	0.01853	0.00626	1.88258	0.00282	0.00626	0.00210	0.00210
CGG	CAG	GA	0.69829	0.05616	0.07803	-0.69829	0.11289	0.07803	0.02619	0.02619
CGG	CGT	GT	-1.19683	0.00933	0.00484	1.19683	0.00282	0.00484	0.00484	0.00484
CGG	CGC	GC	-1.10242	0.01853	0.01016	1.10242	0.00615	0.01016	0.01016	0.01016
CGG	CGA	GA	-1.69131	0.05616	0.02146	1.69131	0.01035	0.02146	0.02146	0.02146
ATT	TTT	AT	0.67230	0.01443	0.01983	-0.67230	0.02827	0.01983	0.00666	0.00666
ATT	CTT	AC	-0.33945	0.02866	0.02407	0.33945	0.02041	0.02407	0.00808	0.00808
ATC	TTC	AT	0.06644	0.02904	0.03002	-0.06644	0.03104	0.03002	0.01008	0.01008
ATC	CTC	AC	-0.79073	0.05766	0.03783	0.79073	0.02615	0.03783	0.01270	0.01270
ATC	ATT	CT	-0.01337	0.07103	0.07056	0.01337	0.07009	0.07056	0.07056	0.07056
ATA	TTA	AT	-0.18049	0.00942	0.00860	0.18049	0.00787	0.00860	0.00289	0.00289
ATA	CTA	AC	-0.58533	0.01870	0.01376	0.58533	0.01042	0.01376	0.00462	0.00462
ATA	ATT	AT	1.32659	0.00942	0.01701	-1.32659	0.03550	0.01701	0.01701	0.01701
ATA	ATC	AC	1.33996	0.01870	0.03395	-1.33996	0.07143	0.03395	0.03395	0.03395
ATG	TTG	AT	0.50191	0.01158	0.01473	-0.50191	0.01913	0.01473	0.00494	0.00494
ATG	CTG	AC	1.34222	0.02299	0.04178	-1.34222	0.08801	0.04178	0.01402	0.01402
ATG	ATT	GT	0.61441	0.01158	0.01550	-0.61441	0.02141	0.01550	0.00520	0.00520
ATG	ATC	GC	0.62778	0.02299	0.03096	-0.62778	0.04308	0.03096	0.01039	0.01039
ATG	ATA	GA	-0.71217	0.06967	0.04778	0.71217	0.03418	0.04778	0.01604	0.01604
ACT	TCT	AT	0.68938	0.00683	0.00945	-0.68938	0.01361	0.00945	0.00317	0.00317
ACT	CCT	AC	0.34456	0.01356	0.01602	-0.34456	0.01913	0.01602	0.00538	0.00538
ACT	ATT	CT	1.43429	0.01670	0.03145	-1.43429	0.07009	0.03145	0.01056	0.01056
ACC	TCC	AT	0.57225	0.01175	0.01544	-0.57225	0.02083	0.01544	0.00518	0.00518
ACC	CCC	AC	-0.32901	0.02334	0.01971	0.32901	0.01679	0.01971	0.00662	0.00662
ACC	ATC	CT	1.59020	0.02875	0.05743	-1.59020	0.14102	0.05743	0.01928	0.01928
ACC	ACT	CT	0.14254	0.02875	0.03085	-0.14254	0.03316	0.03085	0.03085	0.03085
ACA	TCA	AT	0.19758	0.00942	0.01038	-0.19758	0.01148	0.01038	0.00349	0.00349
ACA	CCA	AC	-0.21447	0.01870	0.01677	0.21447	0.01509	0.01677	0.00563	0.00563
ACA	ATA	CT	0.68575	0.02304	0.03184	-0.68575	0.04575	0.03184	0.01069	0.01069
ACA	ACT	AT	0.57804	0.00942	0.01241	-0.57804	0.01679	0.01241	0.01241	0.01241
ACA	ACC	AC	0.43550	0.01870	0.02307	-0.43550	0.02891	0.02307	0.02307	0.02307
ACG	TCG	AT	0.42994	0.00415	0.00510	-0.42994	0.00638	0.00510	0.00171	0.00171
ACG	CCG	AC	-0.56597	0.00824	0.00612	0.56597	0.00468	0.00612	0.00206	0.00206
ACG	ATG	CT	1.71239	0.01015	0.02120	-1.71239	0.05624	0.02120	0.00712	0.00712
ACG	ACT	GT	0.89251	0.00415	0.00627	-0.89251	0.01013	0.00627	0.00627	0.00627
ACG	ACC	GC	0.74996	0.00824	0.01171	-0.74996	0.01744	0.01171	0.01171	0.01171
ACG	ACA	GA	0.31446	0.02496	0.02909	-0.31446	0.03418	0.02909	0.02909	0.02909
AAT	TAT	AT	0.03418	0.01418	0.01442	-0.03418	0.01467	0.01442	0.00484	0.00484
AAT	CAT	AC	-0.87834	0.02814	0.01757	0.87834	0.01169	0.01757	0.00590	0.00590
AAT	ATT	AT	0.91807	0.01418	0.02166	-0.91807	0.03550	0.02166	0.00727	0.00727
AAT	ACT	AC	-0.51623	0.02814	0.02150	0.51623	0.01679	0.02150	0.00722	0.00722
AAC	TAC	AT	0.87441	0.01029	0.01543	-0.87441	0.02466	0.01543	0.00518	0.00518
AAC	CAC	AC	0.23086	0.02042	0.02287	-0.23086	0.02572	0.02287	0.00768	0.00768
AAC	ATC	AT	1.93793	0.01029	0.02329	-1.93793	0.07143	0.02329	0.00782	0.00782
AAC	ACC	AC	0.34772	0.02042	0.02417	-0.34772	0.02891	0.02417	0.00811	0.00811
AAC	AAT	CT	1.00649	0.02516	0.03991	-1.00649	0.06883	0.03991	0.03991	0.03991
AAA	CAA	AC	-0.54474	0.04582	0.03446	0.54474	0.02657	0.03446	0.01157	0.01157
AAA	ATA	AT	0.00404	0.02308	0.02312	-0.00404	0.02317	0.02312	0.00776	0.00776
AAA	ACA	AC	-0.68171	0.04582	0.03196	0.68171	0.02317	0.03196	0.01073	0.01073
AAA	AAT	AT	0.41256	0.02308	0.02816	-0.41256	0.03486	0.02816	0.00945	0.00945
AAA	AAC	AC	-0.59393	0.04582	0.03355	0.59393	0.02530	0.03355	0.01126	0.01126
AAG	CAG	AC	0.18410	0.06366	0.06970	-0.18410	0.07653	0.06970	0.02340	0.02340
AAG	ATG	AT	-0.11842	0.03207	0.03021	0.11842	0.02849	0.03021	0.01014	0.01014
AAG	ACG	AC	-1.83081	0.06366	0.02225	1.83081	0.01020	0.02225	0.00747	0.00747
AAG	AAT	GT	-0.42208	0.03207	0.02577	0.42208	0.02103	0.02577	0.00865	0.00865
AAG	AAC	GC	-1.42857	0.06366	0.02866	1.42857	0.01526	0.02866	0.00962	0.00962
AAG	AAA	GA	-0.83464	0.19290	0.12347	0.83464	0.08373	0.12347	0.12347	0.12347
AGT	TGT	AT	-0.01062	0.00752	0.00748	0.01062	0.00744	0.00748	0.00251	0.00251
AGT	CGT	AC	-1.16067	0.01493	0.00790	1.16067	0.00468	0.00790	0.00265	0.00265
AGT	ATT	GT	1.04634	0.00752	0.01213	-1.04634	0.02141	0.01213	0.00407	0.00407
AGT	ACT	GC	-0.38795	0.01493	0.01222	0.38795	0.01013	0.01222	0.00410	0.00410
AGT	AAT	GA	0.12828	0.04524	0.04820	-0.12828	0.05143	0.04820	0.01618	0.01618
AGC	TGC	AT	0.13218	0.01322	0.01412	-0.13218	0.01509	0.01412	0.00474	0.00474
AGC	CGC	AC	-0.94504	0.02625	0.01577	0.94504	0.01020	0.01577	0.00529	0.00529
AGC	ATC	GT	1.18093	0.01322	0.02254	-1.18093	0.04308	0.02254	0.00756	0.00756
AGC	ACC	GC	-0.40927	0.02625	0.02125	0.40927	0.01744	0.02125	0.00713	0.00713
AGC	AAC	GA	-0.75700	0.07955	0.05321	0.75700	0.03732	0.05321	0.01786	0.01786
AGC	AGT	CT	0.12122	0.03235	0.03435	-0.12122	0.03651	0.03435	0.03435	0.03435
AGA	CGA	AC	-1.18714	0.02299	0.01198	1.18714	0.00702	0.01198	0.01198	0.01198
AGA	ATA	GT	0.18777	0.01158	0.01270	-0.18777	0.01397	0.01270	0.00426	0.00426
AGA	ACA	GC	-0.49798	0.02299	0.01774	0.49798	0.01397	0.01774	0.00596	0.00596
AGA	AAA	GA	0.18373	0.06967	0.07627	-0.18373	0.08373	0.07627	0.02560	0.02560
AGA	AGT	AT	0.46801	0.01158	0.01450	-0.46801	0.01849	0.01450	0.00487	0.00487
AGA	AGC	AC	0.34679	0.02299	0.02721	-0.34679	0.03252	0.02721	0.00913	0.00913
AGG	TGG	AT	0.24230	0.00717	0.00808	-0.24230	0.00914	0.00808	0.00271	0.00271
AGG	CGG	AC	0.47748	0.01424	0.01791	-0.47748	0.02296	0.01791	0.01791	0.01791
AGG	ATG	GT	0.87326	0.00717	0.01076	-0.87326	0.01718	0.01076	0.00361	0.00361
AGG	ACG	GC	-0.83913	0.01424	0.00909	0.83913	0.00615	0.00909	0.00305	0.00305
AGG	AAG	GA	0.99168	0.04316	0.06804	-0.99168	0.11634	0.06804	0.02284	0.02284
AGG	AGT	GT	0.44133	0.00717	0.00887	-0.44133	0.01115	0.00887	0.00298	0.00298
AGG	AGC	GC	0.32011	0.01424	0.01664	-0.32011	0.01962	0.01664	0.00559	0.00559
AGG	AGA	GA	-0.02668	0.04316	0.04258	0.02668	0.04202	0.04258	0.04258	0.04258
GTT	TTT	GT	1.17373	0.00527	0.00896	-1.17373	0.01705	0.00896	0.00301	0.00301
GTT	CTT	GC	0.16198	0.01047	0.01134	-0.16198	0.01231	0.01134	0.00381	0.00381
GTT	ATT	GA	0.50144	0.03172	0.04033	-0.50144	0.05237	0.04033	0.01354	0.01354
GTC	TTC	GT	0.54158	0.01089	0.01410	-0.54158	0.01872	0.01410	0.00473	0.00473
GTC	CTC	GC	-0.31559	0.02162	0.01839	0.31559	0.01577	0.01839	0.00617	0.00617
GTC	ATC	GA	0.47515	0.06551	0.08231	-0.47515	0.10536	0.08231	0.02763	0.02763
GTC	GTT	CT	-0.03966	0.02664	0.02611	0.03966	0.02560	0.02611	0.02611	0.02611
GTA	TTA	GT	0.24398	0.00372	0.00419	-0.24398	0.00474	0.00419	0.00141	0.00141
GTA	CTA	GC	-0.16087	0.00738	0.00680	0.16087	0.00628	0.00680	0.00228	0.00228
GTA	ATA	GA	0.42446	0.02236	0.02744	-0.42446	0.03418	0.02744	0.00921	0.00921
GTA	GTT	AT	1.24962	0.00372	0.00651	-1.24962	0.01297	0.00651	0.00651	0.00651
GTA	GTC	AC	1.28927	0.00738	0.01313	-1.28927	0.02678	0.01313	0.01313	0.01313
GTG	TTG	GT	-0.61936	0.02144	0.01548	0.61936	0.01154	0.01548	0.00520	0.00520
GTG	CTG	GC	0.22095	0.04255	0.04743	-0.22095	0.05308	0.04743	0.01592	0.01592
GTG	ATG	GA	-1.12127	0.12895	0.06989	1.12127	0.04202	0.06989	0.02346	0.02346
GTG	GTT	GT	-1.00830	0.02144	0.01241	1.00830	0.00782	0.01241	0.01241	0.01241
GTG	GTC	GC	-0.96864	0.04255	0.02522	0.96864	0.01615	0.02522	0.02522	0.02522
GTG	GTA	GA	-2.25791	0.12895	0.03400	2.25791	0.01348	0.03400	0.03400	0.03400
GCT	TCT	GT	-0.49028	0.01340	0.01038	0.49028	0.00821	0.01038	0.00348	0.00348
GCT	CCT	GC	-0.83511	0.02660	0.01702	0.83511	0.01154	0.01702	0.00571	0.00571
GCT	ACT	GA	-1.17966	0.08059	0.04219	1.17966	0.02477	0.04219	0.01416	0.01416
GCT	GTT	CT	-0.24680	0.03277	0.02889	0.24680	0.02560	0.02889	0.00970	0.00970
GCC	TCC	GT	-0.19126	0.01521	0.01380	0.19126	0.01256	0.01380	0.00463	0.00463
GCC	CCC	GC	-1.09253	0.03020	0.01665	1.09253	0.01013	0.01665	0.00559	0.00559
GCC	ACC	GA	-0.76351	0.09151	0.06098	0.76351	0.04265	0.06098	0.02047	0.02047
GCC	GTC	CT	0.35155	0.03721	0.04413	-0.35155	0.05288	0.04413	0.01481	0.01481
GCC	GCT	CT	0.55869	0.03721	0.04857	-0.55869	0.06505	0.04857	0.04857	0.04857
GCA	TCA	GT	-0.17063	0.00821	0.00753	0.17063	0.00692	0.00753	0.00253	0.00253
GCA	CCA	GC	-0.58269	0.01630	0.01201	0.58269	0.00910	0.01201	0.00403	0.00403
GCA	ACA	GA	-0.36821	0.04940	0.04086	0.36821	0.03418	0.04086	0.01372	0.01372
GCA	GTA	CT	-0.10693	0.02008	0.01903	0.10693	0.01805	0.01903	0.00639	0.00639
GCA	GCT	AT	1.38949	0.00821	0.01520	-1.38949	0.03295	0.01520	0.01520	0.01520
GCA	GCC	AC	0.83080	0.01630	0.02400	-0.83080	0.03741	0.02400	0.02400	0.02400
GCG	TCG	GT	0.70441	0.00190	0.00265	-0.70441	0.00385	0.00265	0.00089	0.00089
GCG	CCG	GC	-0.29149	0.00378	0.00325	0.29149	0.00282	0.00325	0.00109	0.00109
GCG	ACG	GA	0.27448	0.01144	0.01308	-0.27448	0.01505	0.01308	0.00439	0.00439
GCG	GTG	CT	3.10813	0.00465	0.01513	-3.10813	0.10409	0.01513	0.00508	0.00508
GCG	GCT	GT	2.34664	0.00190	0.00493	-2.34664	0.01987	0.00493	0.00493	0.00493
GCG	GCC	GC	1.78795	0.00378	0.00811	-1.78795	0.02256	0.00811	0.00811	0.00811
GCG	GCA	GA	0.95715	0.01144	0.01777	-0.95715	0.02979	0.01777	0.01777	0.01777
GAT	TAT	GT	-0.48362	0.01435	0.01116	0.48362	0.00885	0.01116	0.00375	0.00375
GAT	CAT	GC	-1.39614	0.02848	0.01308	1.39614	0.00705	0.01308	0.00439	0.00439
GAT	AAT	GA	-0.51780	0.08631	0.06589	0.51780	0.05143	0.06589	0.02212	0.02212
GAT	GTT	AT	-0.10117	0.01435	0.01363	0.10117	0.01297	0.01363	0.00458	0.00458
GAT	GCT	AC	0.14563	0.02848	0.03061	-0.14563	0.03295	0.03061	0.01027	0.01027
GAC	TAC	GT	-0.48694	0.02420	0.01879	0.48694	0.01487	0.01879	0.00631	0.00631
GAC	CAC	GC	-1.13049	0.04805	0.02590	1.13049	0.01551	0.02590	0.00869	0.00869
GAC	AAC	GA	-1.36135	0.14559	0.06831	1.36135	0.03732	0.06831	0.02293	0.02293
GAC	GTC	AT	0.10143	0.02420	0.02545	-0.10143	0.02678	0.02545	0.00854	0.00854
GAC	GCC	AC	-0.25011	0.04805	0.04229	0.25011	0.03741	0.04229	0.01419	0.01419
GAC	GAT	CT	0.16295	0.05920	0.06415	-0.16295	0.06967	0.06415	0.06415	0.06415
GAA	CAA	GC	-1.26831	0.05697	0.02828	1.26831	0.01603	0.02828	0.00949	0.00949
GAA	AAA	GA	-0.72357	0.17263	0.11764	0.72357	0.08373	0.11764	0.03949	0.03949
GAA	GTA	AT	-1.14399	0.02870	0.01535	1.14399	0.00914	0.01535	0.00515	0.00515
GAA	GCA	AC	-1.03706	0.05697	0.03245	1.03706	0.02020	0.03245	0.01089	0.01089
GAA	GAT	AT	0.20679	0.02870	0.03177	-0.20679	0.03529	0.03177	0.01066	0.01066
GAA	GAC	AC	0.04385	0.05697	0.05823	-0.04385	0.05952	0.05823	0.01954	0.01954
GAG	CAG	GC	-0.46451	0.07344	0.05770	0.46451	0.04615	0.05770	0.01937	0.01937
GAG	AAG	GA	-0.64860	0.22254	0.15812	0.64860	0.11634	0.15812	0.05308	0.05308
GAG	GTG	AT	0.35425	0.03699	0.04393	-0.35425	0.05272	0.04393	0.01475	0.01475
GAG	GCG	AC	-2.75389	0.07344	0.01376	2.75389	0.00468	0.01376	0.00462	0.00462
GAG	GAT	GT	-0.55288	0.03699	0.02770	0.55288	0.02128	0.02770	0.00930	0.00930
GAG	GAC	GC	-0.71582	0.07344	0.05027	0.71582	0.03590	0.05027	0.01687	0.01687
GAG	GAA	GA	-0.75967	0.22254	0.14861	0.75967	0.10411	0.14861	0.14861	0.14861
GGT	TGT	GT	-0.12793	0.00510	0.00478	0.12793	0.00449	0.00478	0.00160	0.00160
GGT	CGT	GC	-1.27798	0.01012	0.00500	1.27798	0.00282	0.00500	0.00168	0.00168
GGT	AGT	GA	-0.11731	0.03068	0.02891	0.11731	0.02728	0.02891	0.00971	0.00971
GGT	GTT	GT	0.42760	0.00510	0.00627	-0.42760	0.00782	0.00627	0.00210	0.00210
GGT	GCT	GC	0.67440	0.01012	0.01392	-0.67440	0.01987	0.01392	0.00467	0.00467
GGT	GAT	GA	0.52877	0.03068	0.03950	-0.52877	0.05205	0.03950	0.01326	0.01326
GGC	TGC	GT	-0.15525	0.01063	0.00983	0.15525	0.00910	0.00983	0.00330	0.00330
GGC	CGC	GC	-1.23247	0.02111	0.01071	1.23247	0.00615	0.01071	0.00359	0.00359
GGC	AGC	GA	-0.28743	0.06395	0.05520	0.28743	0.04798	0.05520	0.01853	0.01853
GGC	GTC	GT	0.41836	0.01063	0.01301	-0.41836	0.01615	0.01301	0.00437	0.00437
GGC	GCC	GC	0.06681	0.02111	0.02182	-0.06681	0.02256	0.02182	0.00732	0.00732
GGC	GAC	GA	0.31692	0.06395	0.07462	-0.31692	0.08780	0.07462	0.02505	0.02505
GGC	GGT	CT	-0.04890	0.02600	0.02537	0.04890	0.02476	0.02537	0.02537	0.02537
GGA	CGA	GC	-1.31677	0.01579	0.00761	1.31677	0.00423	0.00761	0.00255	0.00255
GGA	AGA	GA	-0.12963	0.04784	0.04480	0.12963	0.04202	0.04480	0.01504	0.01504
GGA	GTA	GT	-0.36633	0.00795	0.00658	0.36633	0.00551	0.00658	0.00221	0.00221
GGA	GCA	GC	-0.25940	0.01579	0.01383	0.25940	0.01218	0.01383	0.00464	0.00464
GGA	GAA	GA	0.77766	0.04784	0.06882	-0.77766	0.10411	0.06882	0.02310	0.02310
GGA	GGT	AT	0.45569	0.00795	0.00990	-0.45569	0.01254	0.00990	0.00990	0.00990
GGA	GGC	AC	0.50459	0.01579	0.02010	-0.50459	0.02615	0.02010	0.02010	0.02010
GGG	TGG	GT	-0.40889	0.00830	0.00672	0.40889	0.00551	0.00672	0.00225	0.00225
GGG	CGG	GC	-0.17371	0.01647	0.01508	0.17371	0.01385	0.01508	0.00506	0.00506
GGG	AGG	GA	-0.65119	0.04992	0.03542	0.65119	0.02603	0.03542	0.01189	0.01189
GGG	GTG	GT	1.34334	0.00830	0.01508	-1.34334	0.03179	0.01508	0.00506	0.00506
GGG	GCG	GC	-1.76480	0.01647	0.00601	1.76480	0.00282	0.00601	0.00202	0.00202
GGG	GAG	GA	0.98909	0.04992	0.07861	-0.98909	0.13421	0.07861	0.02639	0.02639
GGG	GGT	GT	-0.09255	0.00830	0.00792	0.09255	0.00756	0.00792	0.00792	0.00792
GGG	GGC	GC	-0.04365	0.01647	0.01612	0.04365	0.01577	0.01612	0.01612	0.01612
GGG	GGA	GA	-0.54824	0.04992	0.03748	0.54824	0.02885	0.03748	0.03748	0.03748


Histograms
2Ns	FMut	FSub(CodonUsage)	FSubw(after w)

-3.44816	0.01157	0.00133	0.00088
-3.10335	0.00693	0.00116	0.00077
-2.75853	0.01922	0.00441	0.00729
-2.41371	0.01402	0.00400	0.00654
-2.06890	0.00664	0.00239	0.00158
-1.72408	0.05149	0.02314	0.02725
-1.37927	0.06752	0.03626	0.03773
-1.03445	0.11215	0.07338	0.06830
-0.68963	0.18268	0.14540	0.15244
-0.34482	0.13872	0.13444	0.10731
0.00000	0.12859	0.14817	0.17986
0.34482	0.09910	0.13444	0.10731
0.68963	0.09076	0.14540	0.15244
1.03445	0.03952	0.07338	0.06830
1.37927	0.01709	0.03626	0.03773
1.72408	0.00980	0.02314	0.02725
2.06890	0.00090	0.00239	0.00158
2.41371	0.00134	0.00400	0.00654
2.75853	0.00133	0.00441	0.00729
3.10335	0.00031	0.00116	0.00077
3.44816	0.00031	0.00133	0.00088

Proportion of advantageous (S > 0) mutations:
 0.32197

Proportions of good & bad mutations (|S| > 2.0000) among mutations:
0.00350  0.05363

mean |Ns| = 0.83157	mean Ns+ = 0.59744	mean Ns- = -0.94274

