

TREE # 1

  0  0.0000  15811.229318  x:  0.02791   0.08250   0.07821   0.03481   0.08834   0.10983   0.03360   0.03404   0.10368   0.10226   0.08775   0.08734   0.09835   0.02678   0.09666   0.01090   0.05824   0.02705   0.01956   0.01007   0.03984   1.00000   0.72526   0.86682   1.07451   0.50000  
  1 99.0000  12704.966803  x:  0.81509   0.17729   0.14620   0.04170   0.06317   0.08046   0.01829   0.02319   0.09428   0.12976   0.15117   0.14192   0.09186   0.04521   0.14109   0.55888   0.23972   0.26580   0.33006   0.77025   0.40436   1.02297   0.72353   0.86609   1.07629   0.47927  
  2 25103.3579  12560.620898  x:  0.84278   0.20798   0.17918   0.04305   0.00632   0.00897   0.02147   0.02265   0.07157   0.11869   0.15638   0.19418   0.07231   0.05219   0.18853   0.54220   0.26910   0.26082   0.31586   0.74566   0.40457   1.07816   0.71623   0.86637   1.07943   0.40939  
  3 1191.7463  12535.708545  x:  0.85375   0.21825   0.18940   0.04416   0.01997   0.00192   0.02130   0.02525   0.06605   0.11416   0.15798   0.20921   0.06673   0.05353   0.20203   0.53619   0.27933   0.25907   0.31071   0.73650   0.40488   1.09867   0.71335   0.86639   1.08076   0.38407  
  4 2030.1366  12463.391698  x:  0.90215   0.26380   0.23507   0.04881   0.05326   0.01789   0.02131   0.03375   0.04095   0.09420   0.16509   0.27657   0.04196   0.05983   0.26255   0.50956   0.32468   0.25135   0.28789   0.69598   0.40623   1.18934   0.70061   0.86647   1.08663   0.27241  
  5 13625.8134  12436.902163  x:  0.94030   0.28224   0.24712   0.05831   0.05698   0.01867   0.01372   0.00998   0.07573   0.07808   0.16674   0.28331   0.06923   0.05915   0.26581   0.49290   0.34763   0.24830   0.27480   0.66560   0.41011   1.24692   0.68940   0.86424   1.09388   0.26591  
  6 689.1331  12405.526497  x:  1.02754   0.31682   0.26634   0.06448   0.05507   0.02001   0.03322   0.04890   0.13100   0.04404   0.16994   0.28378   0.11525   0.04940   0.25945   0.45769   0.39409   0.24327   0.24801   0.59754   0.42001   1.37247   0.66344   0.85853   1.11128   0.28324  
  7 1745.0216  12365.920983  x:  1.11455   0.33624   0.27331   0.02945   0.05501   0.02040   0.00833   0.05005   0.11997   0.02584   0.17376   0.26394   0.10678   0.02859   0.23558   0.42752   0.42809   0.24241   0.22806   0.52715   0.42955   1.49286   0.63654   0.85312   1.12967   0.32307  
  8 1037.4828  12348.452886  x:  1.17049   0.34451   0.27529   0.01192   0.05734   0.02050   0.02688   0.03456   0.10656   0.02060   0.17655   0.24714   0.09606   0.02550   0.21694   0.40985   0.44649   0.24299   0.21735   0.48120   0.43551   1.56961   0.61914   0.85006   1.14156   0.34675  
  9 2784.5567  12321.045444  x:  1.26671   0.34749   0.27338   0.04906   0.05767   0.02031   0.03209   0.02271   0.07324   0.03000   0.18242   0.20964   0.06679   0.05093   0.17846   0.38333   0.46901   0.24661   0.20421   0.39844   0.44529   1.70178   0.58882   0.84604   1.16234   0.38435  
 10 1847.0381  12302.403510  x:  1.33766   0.29065   0.23418   0.03347   0.05068   0.01819   0.02699   0.02971   0.07056   0.08707   0.18582   0.17552   0.08594   0.06276   0.16451   0.38678   0.43918   0.26005   0.22328   0.32296   0.45417   1.80753   0.56843   0.85283   1.17752   0.34897  
 11 369.0468  12295.084558  x:  1.36605   0.25389   0.20935   0.04311   0.04943   0.01781   0.03005   0.02845   0.07904   0.09860   0.18452   0.18060   0.07437   0.03878   0.17470   0.39125   0.41647   0.26352   0.23323   0.29243   0.46206   1.85124   0.56197   0.85843   1.18432   0.34703  
 12 417.1447  12291.045630  x:  1.38327   0.22123   0.19244   0.03920   0.05145   0.01851   0.02900   0.02837   0.08132   0.09377   0.18071   0.20033   0.07178   0.05291   0.19126   0.39496   0.39495   0.26165   0.23875   0.27387   0.47253   1.88162   0.56049   0.86564   1.18946   0.36037  
 13 290.1795  12289.861459  x:  1.38384   0.20385   0.20606   0.04203   0.05168   0.01850   0.02956   0.02745   0.07189   0.08726   0.17624   0.20357   0.08106   0.04919   0.18771   0.39775   0.38187   0.25408   0.23821   0.27205   0.48563   1.89676   0.56766   0.87781   1.19157   0.36178  
 14 75.5663  12289.245822  x:  1.38009   0.19590   0.21747   0.03987   0.05118   0.01838   0.02918   0.02807   0.07886   0.08497   0.17509   0.20024   0.07354   0.05186   0.18430   0.40018   0.37543   0.25008   0.23891   0.27185   0.49634   1.90829   0.57648   0.89190   1.19344   0.36087  
 15 72.3067  12288.231613  x:  1.35954   0.20158   0.21616   0.04058   0.05201   0.01867   0.02950   0.02744   0.07705   0.08796   0.18329   0.19368   0.07506   0.05134   0.19366   0.40737   0.37775   0.25633   0.24858   0.26940   0.51775   1.93767   0.60621   0.94458   1.20197   0.36897  
 16 43.7577  12287.768846  x:  1.35261   0.20526   0.20519   0.04095   0.05125   0.01844   0.02947   0.02750   0.07634   0.08409   0.17760   0.19705   0.07437   0.05169   0.18483   0.41143   0.37991   0.25718   0.24818   0.27197   0.52210   1.95054   0.61889   0.97471   1.21023   0.36676  
 17 59.1808  12287.352066  x:  1.35205   0.20676   0.20562   0.04037   0.05180   0.01864   0.02948   0.02748   0.07745   0.09551   0.17337   0.20455   0.07442   0.05088   0.18195   0.41608   0.38098   0.25377   0.24065   0.27728   0.51207   1.95898   0.62475   1.01081   1.22859   0.37152  
 18 37.4186  12286.518890  x:  1.35796   0.20187   0.20673   0.04091   0.05130   0.01849   0.02948   0.02734   0.07642   0.08787   0.17127   0.19407   0.07437   0.05147   0.19036   0.41520   0.37825   0.25261   0.23554   0.29156   0.47945   1.96889   0.62757   1.08790   1.28071   0.37189  
 19 56.5827  12286.125988  x:  1.35910   0.19946   0.21121   0.04073   0.05130   0.01850   0.02942   0.02741   0.07686   0.08519   0.17962   0.20042   0.07436   0.05138   0.18396   0.40742   0.37726   0.25825   0.24578   0.29393   0.47032   1.96899   0.62542   1.12129   1.31511   0.37181  
 20 49.2084  12285.265458  x:  1.36134   0.20203   0.20847   0.04060   0.05089   0.01838   0.02929   0.02747   0.07658   0.09041   0.17425   0.19996   0.07410   0.05116   0.18780   0.38936   0.38121   0.24998   0.24941   0.29279   0.49608   1.95501   0.61798   1.17300   1.42095   0.36763  
 21 32.1307  12284.299848  x:  1.36260   0.20576   0.21126   0.04064   0.05024   0.01818   0.02911   0.02757   0.07594   0.08276   0.18307   0.20094   0.07367   0.05161   0.18692   0.41364   0.38411   0.25400   0.23696   0.26861   0.51218   1.93666   0.63193   1.21091   1.54765   0.36117  
 22 56.7786  12283.676354  x:  1.36417   0.20857   0.21782   0.04067   0.05028   0.01821   0.02908   0.02748   0.07568   0.08289   0.16655   0.20168   0.07340   0.05169   0.18963   0.41695   0.38566   0.26366   0.24335   0.26042   0.50914   1.93459   0.66499   1.21781   1.62784   0.36035  
 23 48.3987  12282.214069  x:  1.36829   0.20935   0.21117   0.04065   0.04912   0.01788   0.02888   0.02752   0.07472   0.08643   0.18041   0.20386   0.07279   0.05150   0.19019   0.40491   0.38256   0.25148   0.24063   0.27522   0.49662   1.94943   0.76939   1.21336   1.82503   0.35416  
 24 80.0327  12281.553614  x:  1.33507   0.21280   0.21170   0.04078   0.04878   0.01782   0.02885   0.02741   0.07442   0.08619   0.17855   0.20411   0.07224   0.05156   0.19091   0.41749   0.37800   0.25936   0.24012   0.30103   0.49021   1.98796   0.76096   1.19670   1.88435   0.35458  
 25 13.4724  12281.063046  x:  1.32905   0.21755   0.21220   0.04091   0.04845   0.01775   0.02880   0.02729   0.07390   0.08436   0.17730   0.20425   0.07185   0.05169   0.19135   0.42853   0.38291   0.23895   0.25702   0.29994   0.48418   1.99847   0.75655   1.19450   1.89023   0.35480  
 26  7.1881  12254.998483  x:  1.36260   0.22974   0.26365   0.04033   0.02504   0.01239   0.02334   0.02480   0.05804   0.05883   0.18326   0.24985   0.05392   0.05382   0.22790   0.38486   0.47162   0.24893   0.22125   0.27509   0.49805   2.24037   0.68315   1.26172   1.62548   0.31822  
 27  6.0445  12254.548377  x:  1.37026   0.26287   0.26453   0.04024   0.02469   0.01232   0.02324   0.02479   0.05809   0.05803   0.18321   0.25078   0.05378   0.05387   0.22842   0.38345   0.43188   0.24795   0.22233   0.27290   0.49904   2.24494   0.68093   1.26406   1.62016   0.31802  
 28 16.3639  12251.214884  x:  1.37782   0.26073   0.26672   0.04332   0.02056   0.01231   0.02198   0.02667   0.06930   0.06475   0.18108   0.26334   0.06722   0.05239   0.23812   0.38442   0.43803   0.24938   0.22506   0.26008   0.50399   2.36736   0.67253   1.30134   1.60240   0.34066  
 29  0.1356  12250.868582  x:  1.38117   0.25605   0.26297   0.04400   0.01995   0.01246   0.02085   0.02399   0.06712   0.06578   0.17970   0.26393   0.06258   0.05218   0.23753   0.38662   0.43496   0.25008   0.22720   0.25805   0.50543   2.41040   0.68077   1.32261   1.65638   0.34456  
 30  0.0676  12250.675927  x:  1.38690   0.25280   0.25997   0.04460   0.02072   0.01315   0.01969   0.02371   0.06843   0.06437   0.17892   0.26297   0.06477   0.05274   0.23589   0.38618   0.43388   0.24997   0.22643   0.26144   0.50528   2.43358   0.68516   1.34219   1.68394   0.33988  
 31  0.0222  12250.392767  x:  1.41141   0.25517   0.26232   0.04636   0.02145   0.01479   0.01949   0.02342   0.06725   0.06852   0.18136   0.26106   0.06347   0.05291   0.23431   0.38526   0.44112   0.24949   0.22476   0.26008   0.50549   2.44932   0.66671   1.35537   1.61602   0.34122  
 32  0.0171  12250.023533  x:  1.43242   0.25732   0.26552   0.04756   0.01831   0.01592   0.02027   0.02473   0.06678   0.06447   0.18176   0.26028   0.06392   0.05294   0.23486   0.39366   0.44299   0.25127   0.22937   0.26700   0.50636   2.45245   0.67567   1.36402   1.67158   0.33690  
 33  0.0240  12249.802029  x:  1.45453   0.25269   0.26398   0.04609   0.02022   0.01717   0.02079   0.02438   0.06693   0.06328   0.17958   0.26119   0.06360   0.05313   0.23577   0.39582   0.43953   0.25282   0.22981   0.27028   0.50875   2.43307   0.68349   1.34666   1.68880   0.33851  
 34  0.0250  12249.679737  x:  1.47640   0.24804   0.26171   0.04379   0.01902   0.01700   0.02025   0.02412   0.06796   0.06617   0.17871   0.26385   0.06366   0.05289   0.23697   0.39417   0.44169   0.25228   0.22800   0.26863   0.51019   2.42995   0.67669   1.32789   1.65294   0.33661  
 35  0.0279  12249.523193  x:  1.48626   0.25227   0.26183   0.04316   0.01977   0.01541   0.02010   0.02378   0.06873   0.06276   0.18295   0.26536   0.06514   0.05168   0.23675   0.39822   0.44463   0.25174   0.23084   0.27359   0.50718   2.43553   0.66275   1.32028   1.62418   0.33615  
 36  0.0075  12249.413681  x:  1.50103   0.25134   0.26238   0.04409   0.02014   0.01411   0.02018   0.02399   0.06830   0.06511   0.18050   0.26384   0.06409   0.05198   0.23583   0.39858   0.44523   0.25318   0.22973   0.27485   0.50983   2.44623   0.67871   1.33708   1.66421   0.33575  
 37  0.0241  12249.403889  x:  1.50567   0.24929   0.26297   0.04455   0.02013   0.01420   0.02027   0.02409   0.06776   0.06465   0.17968   0.26328   0.06397   0.05264   0.23619   0.39877   0.44513   0.25332   0.22982   0.27347   0.51093   2.44676   0.67464   1.33888   1.65812   0.33575  
 38  0.0076  12249.403397  x:  1.50566   0.24916   0.26294   0.04459   0.02014   0.01414   0.02028   0.02411   0.06787   0.06479   0.17994   0.26339   0.06394   0.05272   0.23640   0.39870   0.44499   0.25317   0.22988   0.27363   0.51056   2.44638   0.67395   1.33857   1.65775   0.33568  
 39  0.0009  12249.403360  x:  1.50561   0.24914   0.26291   0.04463   0.02014   0.01415   0.02028   0.02410   0.06783   0.06479   0.17998   0.26346   0.06395   0.05274   0.23646   0.39865   0.44495   0.25316   0.22987   0.27369   0.51051   2.44615   0.67421   1.33857   1.65834   0.33568  
 40  0.0005  12249.403355  x:  1.50561   0.24916   0.26290   0.04464   0.02014   0.01415   0.02027   0.02410   0.06783   0.06479   0.17996   0.26348   0.06393   0.05274   0.23645   0.39868   0.44496   0.25318   0.22988   0.27368   0.51053   2.44599   0.67419   1.33847   1.65820   0.33567  
 41  0.0002  12249.403354  x:  1.50560   0.24916   0.26291   0.04464   0.02014   0.01415   0.02027   0.02409   0.06783   0.06479   0.17996   0.26347   0.06394   0.05274   0.23645   0.39868   0.44496   0.25317   0.22988   0.27368   0.51053   2.44596   0.67418   1.33843   1.65811   0.33567  
 42  0.0001  12249.403354  x:  1.50560   0.24916   0.26291   0.04464   0.02014   0.01415   0.02027   0.02409   0.06783   0.06479   0.17996   0.26347   0.06394   0.05274   0.23645   0.39868   0.44496   0.25317   0.22988   0.27368   0.51053   2.44595   0.67418   1.33842   1.65812   0.33567  
 43  0.0000  12249.403354  x:  1.50560   0.24916   0.26291   0.04464   0.02014   0.01415   0.02027   0.02409   0.06783   0.06479   0.17996   0.26347   0.06394   0.05274   0.23645   0.39868   0.44496   0.25317   0.22988   0.27368   0.51053   2.44595   0.67418   1.33842   1.65812   0.33567  