
Dataset  1


TREE # 1

  0  0.0000   2588.368896  x:  0.11784   0.15386   0.27118   0.39694   0.40823   1.00000   0.73478   1.12962   0.61175   0.50000  
  1 99.0000   2545.630417  x:  0.22609   0.12646   0.27551   0.36056   0.41121   1.40333   0.81370   1.15766   0.60437   0.24488  
  2 151.7322   2514.340204  x:  0.08630   0.20941   0.33433   0.38007   0.43938   2.05604   0.93309   1.19430   0.66008   0.38516  
  3 156.2117   2508.326507  x:  0.13435   0.14437   0.29469   0.41290   0.44351   2.18957   0.95406   1.20606   0.68777   0.46897  
  4 118.4653   2508.032448  x:  0.12479   0.13631   0.27851   0.40709   0.43318   2.19643   0.95388   1.21235   0.69512   0.46941  
  5 23.9391   2507.823768  x:  0.13102   0.14784   0.26603   0.40062   0.41957   2.20129   0.95131   1.22639   0.71193   0.47237  
  6 16.8856   2507.192120  x:  0.13649   0.14015   0.28769   0.38561   0.38913   2.21261   0.93593   1.30602   0.80146   0.47173  
  7 16.8571   2503.987801  x:  0.12020   0.14492   0.27710   0.39652   0.46251   2.26778   0.85313   1.83202   1.36693   0.41158  
  8 53.2632   2503.460308  x:  0.11293   0.14910   0.27637   0.44120   0.44739   2.26793   0.89573   1.91034   1.44258   0.39524  
  9 21.9305   2500.540190  x:  0.11771   0.14665   0.27837   0.40353   0.48675   2.23232   1.44890   2.41070   1.89732   0.37087  
 10 26.4351   2482.296494  x:  0.18436   0.13868   0.30734   0.39992   0.37318   3.68761   1.18281   3.26141   1.25515   0.41793  
 11  0.8395   2478.965339  x:  0.17261   0.14207   0.31244   0.40962   0.39188   3.91423   1.17452   2.69645   1.80534   0.31633  
 12  4.9945   2475.723288  x:  0.16585   0.13483   0.30147   0.40090   0.46853   4.47816   0.92335   2.23776   1.66114   0.35288  
 13  0.5235   2474.189955  x:  0.15144   0.14238   0.30068   0.41040   0.47218   5.24576   0.89246   2.58394   1.41140   0.34751  
 14  0.3126   2473.956985  x:  0.15187   0.14175   0.30367   0.41471   0.46862   5.48086   0.74929   2.46845   1.28933   0.35002  
 15  0.3113   2473.920754  x:  0.15534   0.13987   0.30498   0.41355   0.46616   5.57535   0.73951   2.51786   1.22617   0.35751  
 16  0.1047   2473.916043  x:  0.15671   0.13952   0.30497   0.41217   0.46519   5.61260   0.73976   2.49491   1.23805   0.35577  
 17  0.0311   2473.915888  x:  0.15679   0.13969   0.30489   0.41251   0.46517   5.61192   0.74301   2.49410   1.24154   0.35585  
 18  0.0041   2473.915869  x:  0.15673   0.13972   0.30490   0.41261   0.46511   5.61312   0.74248   2.49196   1.24086   0.35597  
 19  0.0019   2473.915865  x:  0.15668   0.13971   0.30491   0.41256   0.46509   5.61253   0.74274   2.49057   1.24062   0.35598  
 20  0.0009   2473.915864  x:  0.15671   0.13971   0.30491   0.41257   0.46508   5.61196   0.74275   2.48947   1.24013   0.35597  
 21  0.0004   2473.915864  x:  0.15671   0.13971   0.30491   0.41257   0.46509   5.61202   0.74273   2.48940   1.24010   0.35597  
 22  0.0001   2473.915864  x:  0.15671   0.13971   0.30491   0.41257   0.46509   5.61203   0.74273   2.48941   1.24009   0.35597  
 23  0.0000   2473.915864  x:  0.15671   0.13971   0.30491   0.41257   0.46509   5.61203   0.74273   2.48941   1.24009   0.35597  
Dataset  2


TREE # 1

  0  0.0000   2053.553284  x:  0.17856   0.24648   0.52608   5.61203   0.79760   1.12813   0.63727   0.35597  
  1 99.0000   2051.463423  x:  0.17231   0.29784   0.58054   5.60997   0.78888   1.13126   0.64896   0.40728  
  2 48.1239   2051.235715  x:  0.15507   0.28966   0.59435   5.60897   0.78452   1.13561   0.65393   0.41275  
  3 19.4858   2051.129434  x:  0.16395   0.27874   0.61089   5.60631   0.77322   1.14997   0.66577   0.40963  
  4  8.2831   2050.771612  x:  0.15807   0.29279   0.62488   5.58985   0.70596   1.24508   0.73537   0.37241  
  5  9.7331   2050.306209  x:  0.16047   0.28537   0.59996   5.56511   0.61405   1.39311   0.83641   0.39177  
  6 23.3944   2049.027686  x:  0.15845   0.28496   0.59957   5.43935   0.76619   2.36930   1.02962   0.43255  
  7  7.1335   2048.924027  x:  0.15998   0.28349   0.59154   5.38750   0.86391   2.41865   1.24583   0.41869  
  8  0.5349   2048.782638  x:  0.16001   0.28454   0.59874   5.20465   0.80587   2.57669   1.29608   0.40209  
  9  0.4008   2048.750644  x:  0.15955   0.28547   0.60379   5.40014   0.77171   2.71301   1.33105   0.40155  
 10  0.1922   2048.741629  x:  0.15988   0.28475   0.59947   5.38829   0.78654   2.81676   1.38544   0.40497  
 11  0.0742   2048.740841  x:  0.15980   0.28505   0.60068   5.38503   0.78391   2.84929   1.38946   0.40404  
 12  0.0202   2048.740622  x:  0.15981   0.28503   0.60069   5.39045   0.78446   2.85694   1.38369   0.40455  
 13  0.0057   2048.740594  x:  0.15982   0.28499   0.60049   5.39080   0.78258   2.85804   1.38039   0.40468  
 14  0.0036   2048.740593  x:  0.15982   0.28498   0.60047   5.39095   0.78257   2.85779   1.38037   0.40461  
 15  0.0003   2048.740593  x:  0.15982   0.28498   0.60047   5.39099   0.78257   2.85781   1.38039   0.40461  
 16  0.0000   2048.740593  x:  0.15982   0.28498   0.60047   5.39099   0.78257   2.85782   1.38039   0.40461  
Dataset  3


TREE # 1

  0  0.0000   1731.037304  x:  0.38770   0.44784   5.39099   0.74936   1.06501   0.61581   0.40461  
  1 99.0000   1730.520080  x:  0.42397   0.48412   5.39038   0.74934   1.06889   0.61583   0.40598  
  2 20.8218   1730.465741  x:  0.42744   0.48759   5.39048   0.75164   1.07903   0.61341   0.38474  
  3  4.5656   1730.242222  x:  0.42707   0.48722   5.39428   0.77931   1.41354   0.64328   0.40718  
  4  1.7667   1730.095925  x:  0.42760   0.48775   5.39615   0.73482   1.61181   0.79061   0.39700  
  5  3.7779   1730.061847  x:  0.42866   0.48880   5.40506   0.82229   1.65040   0.86932   0.39362  
  6  0.7411   1730.055316  x:  0.42967   0.48982   5.34691   0.82537   1.70406   0.89405   0.38876  
  7  0.0708   1730.054526  x:  0.42982   0.48996   5.36677   0.82108   1.73316   0.90077   0.39004  
  8  0.0215   1730.054491  x:  0.42974   0.48988   5.36623   0.82083   1.73474   0.89911   0.38988  
  9  0.0012   1730.054488  x:  0.42976   0.48991   5.36684   0.82066   1.73469   0.89835   0.39002  
 10  0.0008   1730.054488  x:  0.42977   0.48992   5.36690   0.82066   1.73466   0.89834   0.39001  
 11  0.0001   1730.054488  x:  0.42977   0.48992   5.36690   0.82066   1.73466   0.89834   0.39001  