

TREE # 1

  0  0.0000  14868.511865  x:  0.03608   0.07033   0.07437   0.03142   0.04871   0.03772   0.01379   0.02528   0.01887   0.03375   0.03049   0.04152   0.02521   0.06283   0.06424   0.09132   0.03131   0.10287   0.09587   0.06233   0.02468   1.00000   0.72376   0.86194   1.11440   1.12893   0.11220   0.27088   1.93959  
  1 99.0000  12342.355393  x:  0.82430   0.21225   0.15393   0.05298   0.01380   0.00000   0.01910   0.01055   0.08842   0.10238   0.18250   0.20369   0.07421   0.05127   0.16395   0.19497   0.34426   0.15220   0.15608   0.25997   0.59251   1.02810   0.72158   0.86173   1.11578   1.13940   0.10273   0.17078   1.93928  
  2 16157.3881  12268.177752  x:  1.00929   0.24557   0.17264   0.05800   0.00580   0.02702   0.02044   0.00726   0.10469   0.11848   0.21817   0.24177   0.08568   0.04854   0.18738   0.21937   0.41771   0.16383   0.17026   0.30635   0.72574   1.03478   0.72106   0.86168   1.11610   1.14187   0.10050   0.14715   1.93921  
  3 838075.9031  12249.072376  x:  1.01374   0.24652   0.17454   0.05522   0.02599   0.02719   0.01972   0.02959   0.10125   0.11808   0.21784   0.24258   0.08358   0.04752   0.18867   0.22366   0.41906   0.16730   0.17287   0.30605   0.72637   1.04011   0.72053   0.86167   1.11624   1.14194   0.10041   0.14199   1.93927  
  4 2168.1646  12200.578193  x:  1.02685   0.25060   0.19289   0.02306   0.01778   0.02709   0.01165   0.03338   0.05765   0.10940   0.20600   0.24389   0.05730   0.03780   0.19874   0.26874   0.41910   0.20497   0.19998   0.29222   0.70440   1.10278   0.71426   0.86145   1.11781   1.14131   0.10063   0.09579   1.94003  
  5 764.8360  12169.905030  x:  1.05471   0.25537   0.21581   0.04323   0.02793   0.02689   0.05725   0.02273   0.02935   0.08917   0.18326   0.24313   0.03778   0.04259   0.20948   0.32896   0.41892   0.24956   0.22972   0.26851   0.66867   1.20700   0.70348   0.86168   1.12010   1.13526   0.10531   0.10288   1.94140  
  6 1038.0837  12102.498133  x:  1.11759   0.26450   0.26229   0.08139   0.02381   0.02695   0.01910   0.02674   0.05661   0.04025   0.13277   0.24032   0.05649   0.06960   0.23054   0.44912   0.41653   0.33044   0.27964   0.21563   0.58226   1.44525   0.67818   0.86288   1.12534   1.11786   0.11926   0.14710   1.94447  
  7 1569.6045  12068.668784  x:  1.17384   0.26679   0.27406   0.04474   0.02994   0.02682   0.04526   0.02034   0.08887   0.03656   0.14876   0.24299   0.09576   0.02484   0.23398   0.45468   0.40807   0.28421   0.22420   0.20942   0.50174   1.64873   0.65267   0.87104   1.12950   1.09231   0.14140   0.13297   1.94598  
  8 419.0383  12042.217221  x:  1.23034   0.26732   0.27266   0.03803   0.01737   0.02687   0.04264   0.03280   0.06559   0.04382   0.17082   0.24617   0.08627   0.06059   0.22913   0.42954   0.40086   0.22118   0.16135   0.22432   0.43386   1.83706   0.62924   0.88274   1.13228   1.06284   0.16712   0.13044   1.94699  
  9 880.5688  12030.682879  x:  1.25360   0.26643   0.26574   0.05375   0.03223   0.02691   0.02379   0.01853   0.05849   0.04733   0.17815   0.24528   0.06443   0.05607   0.22310   0.40660   0.39736   0.19754   0.14439   0.23982   0.40678   1.92046   0.61957   0.89024   1.13272   1.04780   0.18019   0.12337   1.94730  
 10 923.8870  12023.669998  x:  1.26688   0.26374   0.25245   0.06879   0.01985   0.02694   0.02185   0.03020   0.06055   0.04887   0.17852   0.24129   0.05074   0.04259   0.21376   0.37427   0.39397   0.19200   0.15313   0.26127   0.39101   1.98003   0.61391   0.89912   1.13174   1.03413   0.19188   0.11753   1.94741  
 11 504.5004  12013.313290  x:  1.28361   0.25711   0.22325   0.06942   0.02372   0.02693   0.02335   0.02621   0.05788   0.05379   0.17419   0.23295   0.06471   0.05248   0.19610   0.30722   0.38782   0.19807   0.18895   0.30722   0.37023   2.07557   0.60691   0.91871   1.12814   1.00836   0.21353   0.10223   1.94749  
 12 583.6314  12011.758284  x:  1.28499   0.25533   0.21978   0.05953   0.02514   0.02696   0.02221   0.02521   0.05591   0.06028   0.17330   0.23275   0.06144   0.05004   0.19640   0.29808   0.38724   0.20099   0.19500   0.31768   0.36900   2.09081   0.60736   0.92553   1.12607   1.00061   0.21975   0.11380   1.94757  
 13 211.9495  12010.474155  x:  1.27753   0.25190   0.22085   0.05639   0.02592   0.02694   0.02486   0.02442   0.06654   0.07766   0.17330   0.23645   0.05487   0.05502   0.20494   0.29818   0.38634   0.20508   0.19721   0.33276   0.36938   2.10479   0.61160   0.94130   1.12050   0.98724   0.22962   0.11246   1.94776  
 14 106.9746  12008.956700  x:  1.26377   0.24742   0.21991   0.06419   0.02468   0.02692   0.02304   0.02566   0.05905   0.09103   0.17339   0.24395   0.06557   0.05024   0.21622   0.30649   0.38794   0.20778   0.19402   0.35487   0.37396   2.12031   0.62105   0.97248   1.10933   0.96082   0.24868   0.11186   1.94827  
 15 118.8298  12006.651513  x:  1.24590   0.24676   0.21229   0.05998   0.02508   0.02692   0.02516   0.02531   0.06386   0.06801   0.17107   0.24869   0.06244   0.05244   0.21356   0.32232   0.40255   0.20697   0.18560   0.37975   0.38455   2.13745   0.63992   1.03849   1.08684   0.90201   0.29019   0.10665   1.94973  
 16 110.7820  12004.951529  x:  1.24170   0.25279   0.23492   0.06202   0.02507   0.02692   0.02503   0.02540   0.06338   0.07023   0.18144   0.24106   0.06404   0.05265   0.20089   0.31867   0.42319   0.20686   0.19127   0.36890   0.38064   2.14173   0.65155   1.10309   1.06865   0.84351   0.32880   0.10166   1.95162  
 17 93.7228  12004.406385  x:  1.24623   0.25083   0.23240   0.06261   0.02509   0.02692   0.02491   0.02539   0.06304   0.06765   0.18203   0.24747   0.06334   0.05289   0.21471   0.31096   0.42554   0.20724   0.19445   0.35446   0.37642   2.13966   0.64991   1.12943   1.06556   0.82077   0.34083   0.09922   1.95257  
 18 55.9473  12004.096411  x:  1.25475   0.24338   0.22423   0.06240   0.02499   0.02693   0.02486   0.02545   0.06290   0.07441   0.17409   0.24440   0.06337   0.05271   0.21071   0.31428   0.41697   0.20749   0.19288   0.34544   0.37805   2.13672   0.63920   1.15169   1.07046   0.80529   0.34284   0.09689   1.95345  
 19 25.3064  12003.822382  x:  1.25667   0.24113   0.22891   0.06240   0.02508   0.02693   0.02465   0.02534   0.06322   0.06971   0.18310   0.24420   0.06306   0.05303   0.21023   0.31570   0.40355   0.20941   0.19446   0.34771   0.37987   2.13571   0.62069   1.18194   1.08462   0.79463   0.32897   0.09765   1.95435  
 20 17.1258  12003.499521  x:  1.25662   0.25402   0.23532   0.06184   0.02504   0.02693   0.02466   0.02533   0.06286   0.06785   0.17237   0.24530   0.06310   0.05270   0.21184   0.31300   0.40175   0.20751   0.19298   0.35226   0.37857   2.13607   0.60467   1.22190   1.10556   0.78436   0.30099   0.09814   1.95553  
 21 29.6304  12003.173475  x:  1.25729   0.26609   0.22347   0.06173   0.02499   0.02692   0.02434   0.02530   0.06308   0.07152   0.17773   0.24386   0.06298   0.05272   0.21041   0.31687   0.40722   0.20822   0.19460   0.35153   0.37141   2.13878   0.60557   1.26220   1.12871   0.77365   0.26342   0.09982   1.95695  
 22 32.0328  12002.258287  x:  1.26927   0.24490   0.22788   0.06018   0.02493   0.02693   0.02331   0.02511   0.06236   0.06825   0.17308   0.24368   0.06172   0.05233   0.20650   0.31129   0.40389   0.20642   0.19375   0.34452   0.36720   2.15454   0.66318   1.35972   1.20113   0.72976   0.14296   0.10161   1.96198  
 23 32.5346  12001.712970  x:  1.26385   0.23879   0.22825   0.06013   0.02475   0.02694   0.02293   0.02518   0.06198   0.06662   0.17401   0.22544   0.06185   0.05240   0.21664   0.30973   0.41498   0.21013   0.18951   0.34312   0.37462   2.16488   0.67919   1.37653   1.26503   0.66918   0.08678   0.10059   1.96551  
 24 22.2952  12000.282454  x:  1.24450   0.22699   0.23014   0.05961   0.02475   0.02694   0.02230   0.02499   0.06277   0.06886   0.17576   0.24804   0.06182   0.05244   0.20790   0.31287   0.44297   0.21157   0.19406   0.33878   0.38476   2.18930   0.71539   1.40375   1.44345   0.48741  -0.06111   0.09890   1.97483  
 25 111.0826  11999.498657  x:  1.26198   0.24390   0.23410   0.05909   0.02491   0.02693   0.02233   0.02475   0.06314   0.06671   0.17279   0.24557   0.06243   0.05288   0.21365   0.32669   0.42460   0.19837   0.20962   0.36150   0.35769   2.18207   0.74370   1.40439   1.50601   0.37945  -0.13714   0.09725   1.97587  
 26 34.2056  11998.995368  x:  1.27507   0.26010   0.23616   0.05956   0.02480   0.02693   0.02220   0.02478   0.06351   0.06544   0.17252   0.24844   0.06267   0.05278   0.21221   0.32641   0.40935   0.21678   0.19829   0.37437   0.33965   2.17747   0.76007   1.40200   1.53243   0.30986  -0.18821   0.09581   1.97544  
 27 63.3082  11996.390041  x:  1.26566   0.31901   0.23276   0.05707   0.02443   0.02694   0.01975   0.02444   0.06368   0.06774   0.17289   0.24800   0.06152   0.05291   0.21347   0.32764   0.35259   0.21596   0.20465   0.35264   0.37911   2.23163   0.75459   1.36268   1.43384  -0.01972  -0.52224   0.09280   1.95894  
 28 19.3367  11989.589079  x:  1.28853   0.23740   0.24519   0.05014   0.02365   0.02695   0.01476   0.02329   0.06420   0.05742   0.15958   0.24272   0.06007   0.05268   0.22087   0.35574   0.43292   0.23460   0.20859   0.40963   0.31061   2.30051   0.61793   1.26184   1.11387  -0.83366  -1.40075   0.08725   1.88908  
 29 93.9038  11984.111269  x:  1.28767   0.25185   0.25104   0.04343   0.02126   0.02697   0.01591   0.02367   0.06505   0.05512   0.15605   0.24552   0.06118   0.05134   0.22402   0.37183   0.42276   0.24294   0.21719   0.37546   0.33267   2.42391   0.64224   1.31633   1.20335  -0.71875  -1.23481   0.08616   1.00000  
 30  2.3944  11979.647380  x:  1.30430   0.26960   0.25899   0.03446   0.01612   0.02709   0.02137   0.02497   0.06461   0.05479   0.15726   0.25086   0.06370   0.04824   0.22699   0.39043   0.41105   0.25502   0.22745   0.36800   0.33827   2.62406   0.66874   1.40562   1.31101  -0.10007  -0.54592   0.08339   2.04975  
 31  2.0237  11977.431108  x:  1.31288   0.27784   0.26141   0.04469   0.01793   0.02723   0.01811   0.02241   0.06058   0.05703   0.16147   0.25313   0.06174   0.04823   0.22719   0.39473   0.40567   0.25731   0.22875   0.35426   0.35730   2.72958   0.66821   1.45276   1.32460   0.46248   0.05515   0.07964   2.21136  
 32  0.9934  11975.087460  x:  1.36050   0.24589   0.26226   0.04927   0.02028   0.02751   0.02057   0.02054   0.05805   0.05793   0.16604   0.25149   0.06098   0.04765   0.22704   0.39344   0.43753   0.25637   0.21988   0.39032   0.32729   2.82059   0.58915   1.43045   1.14932   0.04870  -0.40354   0.07628   2.09739  
 33  0.4852  11969.603003  x:  1.48074   0.22211   0.26157   0.03872   0.02194   0.02869   0.01633   0.02239   0.06059   0.05340   0.15677   0.25112   0.05576   0.05187   0.22956   0.39630   0.47858   0.24943   0.20574   0.36634   0.37297   3.00550   0.56722   1.52088   1.10745   0.43830  -0.04576   0.09061   2.04333  
 34  0.1791  11959.075721  x:  1.78792   0.22138   0.27116   0.05296   0.01747   0.03120   0.02203   0.03176   0.07053   0.05745   0.16221   0.26392   0.06675   0.05442   0.24015   0.40547   0.53132   0.24599   0.21468   0.36358   0.39387   3.12611   0.67024   1.64440   1.47777  -0.03913  -0.33739   0.07520   1.83745  
 35  0.2475  11952.130281  x:  2.04130   0.23829   0.27898   0.04095   0.02781   0.03312   0.01926   0.02385   0.06789   0.06542   0.18451   0.27869   0.06772   0.05095   0.24228   0.41815   0.52154   0.27103   0.24059   0.37885   0.41062   2.97608   0.63470   1.52211   1.35240  -0.04051  -0.32031   0.08161   2.01965  
 36  0.1536  11949.869331  x:  2.16999   0.22449   0.27693   0.04713   0.02225   0.03399   0.02099   0.02646   0.06498   0.06188   0.17784   0.27806   0.06457   0.05142   0.24134   0.42047   0.53177   0.27695   0.23708   0.37691   0.42288   2.88616   0.59737   1.43833   1.16181   0.20062  -0.07724   0.07417   2.13754  
 37  0.2756  11949.428576  x:  2.23653   0.20118   0.27695   0.04596   0.02012   0.03440   0.01910   0.02614   0.06669   0.06253   0.17504   0.27709   0.06516   0.05190   0.24306   0.42136   0.56195   0.27482   0.23163   0.38354   0.42009   2.86758   0.60804   1.42821   1.19677   0.09517  -0.18341   0.07543   2.21553  
 38  0.1076  11949.303913  x:  2.25706   0.19126   0.27705   0.04460   0.02023   0.03445   0.02021   0.02429   0.06757   0.06286   0.17661   0.27670   0.06601   0.05191   0.24312   0.42076   0.57446   0.27320   0.23014   0.38138   0.42130   2.87933   0.60697   1.42708   1.19042   0.19235  -0.08662   0.07534   2.31021  
 39  0.1259  11949.244683  x:  2.25545   0.18888   0.27736   0.04572   0.01990   0.03425   0.02008   0.02319   0.06664   0.06213   0.17786   0.27696   0.06563   0.05186   0.24246   0.42026   0.57815   0.27231   0.23104   0.38222   0.41906   2.89192   0.60403   1.42544   1.17526   0.13774  -0.14660   0.07460   2.34188  
 40  0.0412  11949.066791  x:  2.22396   0.19429   0.27693   0.04805   0.01826   0.03316   0.02021   0.02323   0.06526   0.06203   0.17806   0.27876   0.06505   0.05165   0.24126   0.41870   0.57207   0.27189   0.23526   0.38462   0.41869   2.90418   0.60492   1.43520   1.19799   0.20887  -0.08033   0.07734   2.49700  
 41  0.0311  11948.178591  x:  2.16653   0.22371   0.27215   0.04434   0.02003   0.02800   0.01933   0.02046   0.06766   0.06278   0.17300   0.27986   0.06450   0.05264   0.23837   0.41064   0.53346   0.27214   0.24078   0.39274   0.42073   2.87022   0.62240   1.44726   1.24571   0.32275   0.06222   0.07396   3.00331  
 42  0.0897  11946.084820  x:  2.22472   0.22563   0.27171   0.04186   0.01768   0.01768   0.02120   0.02351   0.07043   0.06636   0.17317   0.27492   0.06706   0.05245   0.24259   0.40698   0.52432   0.27283   0.22933   0.40538   0.42627   2.82715   0.59931   1.42714   1.13619   0.30188  -0.00518   0.07656   3.79402  
 43  0.2608  11945.130952  x:  2.31409   0.19228   0.27855   0.04515   0.01958   0.01419   0.01999   0.02348   0.06787   0.06274   0.17803   0.27517   0.06659   0.05187   0.24450   0.41910   0.57048   0.27181   0.22460   0.40744   0.41609   2.91588   0.59708   1.46200   1.19287   0.32786   0.01929   0.07465   4.01351  
 44  0.1729  11944.956143  x:  2.34087   0.18348   0.27897   0.04594   0.02048   0.01629   0.01993   0.02409   0.06645   0.06160   0.17793   0.27667   0.06552   0.05163   0.24329   0.42353   0.58448   0.27295   0.22807   0.40642   0.40937   2.92206   0.59940   1.44763   1.18648   0.26491  -0.03550   0.07439   3.69269  
 45  0.3235  11944.771270  x:  2.35114   0.18360   0.27605   0.04563   0.02090   0.01452   0.02035   0.02488   0.06580   0.06178   0.17574   0.27842   0.06431   0.05160   0.24023   0.42323   0.58563   0.27405   0.23458   0.41169   0.39853   2.90785   0.60368   1.42162   1.16706   0.24633  -0.04885   0.07436   3.48282  
 46  0.1131  11944.521069  x:  2.34112   0.17720   0.27400   0.04439   0.02011   0.01454   0.02060   0.02476   0.06802   0.06404   0.17653   0.27742   0.06601   0.05202   0.24068   0.41612   0.59102   0.27186   0.23341   0.40703   0.39502   2.90105   0.60258   1.40965   1.18006   0.16316  -0.13458   0.07385   2.69688  
 47  0.2465  11944.406561  x:  2.31939   0.18424   0.27662   0.04525   0.02003   0.01406   0.02011   0.02376   0.06735   0.06271   0.17750   0.27635   0.06617   0.05182   0.24296   0.41635   0.58175   0.27264   0.23018   0.39131   0.41189   2.89754   0.60039   1.42503   1.17902   0.13411  -0.16655   0.07478   2.35414  
 48  0.2004  11944.384440  x:  2.32108   0.18686   0.27717   0.04556   0.02004   0.01406   0.02008   0.02373   0.06683   0.06216   0.17701   0.27664   0.06563   0.05176   0.24276   0.41914   0.57922   0.27320   0.22998   0.38577   0.41902   2.89840   0.60231   1.43139   1.18230   0.16437  -0.13087   0.07449   2.45368  
 49  0.1156  11944.378416  x:  2.32266   0.18694   0.27684   0.04552   0.02008   0.01414   0.02017   0.02385   0.06675   0.06228   0.17673   0.27693   0.06543   0.05175   0.24228   0.42005   0.57936   0.27324   0.23043   0.38184   0.42228   2.89813   0.60350   1.43050   1.18364   0.17584  -0.11665   0.07437   2.38099  
 50  0.1015  11944.377399  x:  2.32360   0.18631   0.27643   0.04535   0.02010   0.01407   0.02023   0.02388   0.06691   0.06264   0.17681   0.27704   0.06550   0.05176   0.24201   0.41998   0.57994   0.27290   0.23061   0.38089   0.42358   2.89867   0.60353   1.42876   1.18382   0.17644  -0.11725   0.07450   2.38058  
 51  0.0024  11944.377282  x:  2.32328   0.18609   0.27638   0.04537   0.02008   0.01409   0.02019   0.02388   0.06690   0.06261   0.17685   0.27703   0.06551   0.05176   0.24201   0.41982   0.58004   0.27283   0.23067   0.38055   0.42408   2.89896   0.60347   1.42801   1.18331   0.17809  -0.11584   0.07448   2.38114  
 52  0.0019  11944.377270  x:  2.32304   0.18603   0.27641   0.04538   0.02009   0.01409   0.02019   0.02388   0.06689   0.06258   0.17684   0.27701   0.06551   0.05175   0.24204   0.41977   0.58010   0.27286   0.23069   0.38049   0.42414   2.89888   0.60351   1.42780   1.18320   0.17818  -0.11573   0.07449   2.38083  
 53  0.0004  11944.377268  x:  2.32298   0.18599   0.27641   0.04538   0.02009   0.01409   0.02019   0.02388   0.06689   0.06258   0.17684   0.27701   0.06551   0.05176   0.24205   0.41976   0.58017   0.27287   0.23067   0.38047   0.42415   2.89883   0.60351   1.42782   1.18323   0.17832  -0.11557   0.07448   2.38092  
 54  0.0002  11944.377268  x:  2.32293   0.18598   0.27641   0.04538   0.02009   0.01409   0.02019   0.02388   0.06689   0.06258   0.17684   0.27701   0.06551   0.05176   0.24204   0.41977   0.58019   0.27288   0.23068   0.38048   0.42415   2.89882   0.60351   1.42785   1.18322   0.17830  -0.11559   0.07448   2.38088  
 55  0.0000  11944.377268  x:  2.32293   0.18598   0.27641   0.04538   0.02009   0.01409   0.02019   0.02388   0.06689   0.06258   0.17684   0.27701   0.06551   0.05176   0.24204   0.41977   0.58018   0.27287   0.23068   0.38048   0.42415   2.89882   0.60351   1.42785   1.18322   0.17830  -0.11559   0.07448   2.38089  
 56  0.0000  11944.377268  x:  2.32293   0.18598   0.27641   0.04538   0.02009   0.01409   0.02019   0.02388   0.06689   0.06258   0.17684   0.27701   0.06551   0.05176   0.24204   0.41977   0.58019   0.27287   0.23068   0.38048   0.42415   2.89882   0.60351   1.42785   1.18322   0.17830  -0.11559   0.07448   2.38089  
 57  0.0000  11944.377268  x:  2.32293   0.18598   0.27641   0.04538   0.02009   0.01409   0.02019   0.02388   0.06689   0.06258   0.17684   0.27701   0.06551   0.05176   0.24204   0.41977   0.58019   0.27287   0.23068   0.38048   0.42415   2.89882   0.60351   1.42785   1.18322   0.17830  -0.11559   0.07448   2.38089  